0.000000000000000000e+00 4.594186046511628092e+02 6.959122280570142038e+02 4.855741259112636499e+01
1.000000000000000000e+00 4.606211523283346310e+02 6.911602209944751394e+02 4.791936653620366116e+01
2.000000000000000000e+00 4.600112359550561791e+02 6.461486603284356534e+02 5.390472471772554286e+01
3.000000000000000000e+00 4.761003440366972654e+02 6.275659403669724270e+02 5.316801877592376258e+01
4.000000000000000000e+00 4.850115207373272028e+02 6.096290322580645125e+02 5.468199260015296659e+01
5.000000000000000000e+00 5.079465261514441750e+02 5.839297423887587684e+02 5.158509725744822561e+01
6.000000000000000000e+00 5.175482625482625281e+02 5.399473499473499487e+02 5.810124699357488254e+01
7.000000000000000000e+00 5.306789644012944791e+02 5.272249190938510992e+02 5.668392526232010198e+01
8.000000000000000000e+00 5.424014618299945596e+02 4.940311315646995354e+02 5.304537558671768238e+01
9.000000000000000000e+00 5.444225028702641112e+02 5.036902985074626713e+02 5.750908406220784741e+01
1.000000000000000000e+01 5.344151376146788834e+02 4.885702408256880744e+02 5.989096953276379764e+01
1.100000000000000000e+01 5.532347900599828563e+02 4.860696943730362705e+02 5.692776181161222837e+01
1.200000000000000000e+01 5.513078543484803049e+02 4.876683719530544749e+02 5.639442000901691188e+01
1.300000000000000000e+01 5.369476861167001971e+02 4.958924978442080942e+02 5.326159975939378910e+01
1.400000000000000000e+01 5.347513668315542645e+02 4.956102577453788172e+02 4.738857939098726746e+01
1.500000000000000000e+01 5.144773830820342937e+02 4.906815742397137683e+02 5.419517663911062044e+01
1.600000000000000000e+01 5.011590485074626713e+02 4.836902985074626713e+02 5.469213412206960356e+01
1.700000000000000000e+01 4.969776006892095666e+02 4.657708378203747657e+02 5.099486623241322292e+01
1.800000000000000000e+01 4.955491549631040016e+02 4.680040466555582270e+02 5.650313187020578454e+01
1.900000000000000000e+01 4.904056813138038251e+02 4.707081668885929844e+02 5.493918611416636111e+01
2.000000000000000000e+01 4.861643100926377201e+02 4.795558264261335921e+02 6.149596945394027614e+01
2.100000000000000000e+01 4.842854048199296244e+02 4.992412672623883054e+02 6.419782504392732392e+01
2.200000000000000000e+01 4.824233983286907801e+02 5.128231197771588086e+02 6.010468841783229266e+01
2.300000000000000000e+01 4.919225410977988417e+02 5.146519921983839367e+02 5.542251601404021955e+01
2.400000000000000000e+01 5.051449999999999818e+02 5.101911111111111268e+02 5.391178191565353472e+01
2.500000000000000000e+01 5.144587929915638824e+02 5.220360155743023824e+02 6.168982687686619215e+01
2.600000000000000000e+01 5.039577922077921812e+02 5.372217532467532237e+02 5.709941221386313259e+01
2.700000000000000000e+01 4.949872743415211858e+02 5.253805859721811657e+02 5.670419034336644870e+01
2.800000000000000000e+01 4.967965998785670649e+02 5.363682452944748320e+02 5.661704685024322004e+01
2.900000000000000000e+01 5.003100252737995106e+02 5.348736310025274179e+02 5.771104966150360838e+01
3.000000000000000000e+01 5.031821561338289825e+02 5.342503097893431914e+02 5.813432678733967407e+01
3.100000000000000000e+01 4.924214263661623932e+02 5.372667489966038374e+02 5.412986021187096242e+01
3.200000000000000000e+01 4.854418331374853324e+02 5.255378965922444650e+02 5.331543053808039900e+01
3.300000000000000000e+01 4.864431486880466196e+02 5.115197455605618870e+02 6.087852463135560299e+01
3.400000000000000000e+01 4.865239085239085171e+02 5.209596079596079790e+02 5.351169715230019364e+01
3.500000000000000000e+01 4.898255330933259302e+02 5.241520354472445433e+02 5.028513441755853819e+01
3.600000000000000000e+01 4.852070036712793240e+02 5.221482632024851682e+02 5.476989019622081400e+01
3.700000000000000000e+01 4.790270338554825571e+02 5.136677614957048945e+02 5.152211271357197120e+01
3.800000000000000000e+01 4.895401869158878299e+02 5.006229639519359012e+02 5.094723526912166278e+01
3.900000000000000000e+01 4.827972805933250697e+02 4.960860321384425333e+02 5.462396869254096998e+01
4.000000000000000000e+01 4.855408409859835501e+02 5.080004833252779122e+02 4.892222548273283422e+01
4.100000000000000000e+01 4.878379694019471344e+02 5.006351414000927207e+02 4.566764662590535551e+01
4.200000000000000000e+01 4.833523831036819729e+02 4.916345154732324545e+02 4.957795888159964193e+01
4.300000000000000000e+01 4.832673081436282700e+02 4.980924665571462242e+02 4.984429664986092234e+01
4.400000000000000000e+01 4.756927854753941460e+02 4.904887720974677450e+02 5.686159526730283176e+01
4.500000000000000000e+01 4.718992640294388252e+02 4.803486660533578743e+02 5.061763263122361423e+01
4.600000000000000000e+01 4.673952287260206617e+02 4.889744220363994032e+02 4.677884149527651658e+01
4.700000000000000000e+01 4.685593832811370589e+02 4.902160925078294440e+02 4.732006652559686444e+01
4.800000000000000000e+01 4.642441832573758802e+02 4.854787718877428802e+02 5.138240501763256418e+01
4.900000000000000000e+01 4.653442299254058980e+02 4.731673979815708435e+02 5.505524007739516179e+01
5.000000000000000000e+01 4.680400996828273605e+02 4.685831445400996813e+02 5.964480441177561687e+01
5.100000000000000000e+01 4.749381843065693261e+02 4.646459854014598818e+02 5.049967662976015248e+01
5.200000000000000000e+01 4.866599955025860140e+02 4.705812907578142585e+02 5.592398281968726081e+01
5.300000000000000000e+01 4.961025988088792360e+02 4.700278830536004193e+02 5.991325222228230984e+01
5.400000000000000000e+01 5.133426906779660612e+02 4.798816207627118615e+02 5.287774876340635899e+01
5.500000000000000000e+01 5.087000525762355210e+02 4.832050473186120030e+02 5.453394649641121106e+01
5.600000000000000000e+01 5.300017296050734785e+02 5.039351398097434185e+02 5.521223078619861724e+01
5.700000000000000000e+01 5.268552971576227719e+02 5.186757105943152055e+02 5.695548146618546781e+01
5.800000000000000000e+01 5.315305662805662905e+02 5.130254182754182466e+02 5.752578485193635061e+01
5.900000000000000000e+01 5.231534302129097114e+02 5.186140588036498684e+02 5.935100052408186855e+01
6.000000000000000000e+01 5.245195274040039521e+02 5.256192976698391703e+02 5.917663083925017276e+01
6.100000000000000000e+01 5.147267276743451703e+02 5.208419059640265232e+02 6.384978906466140103e+01
6.200000000000000000e+01 4.922423948220064744e+02 5.365854368932039051e+02 5.970591735034951597e+01
6.300000000000000000e+01 4.990593128390596576e+02 5.454741410488245492e+02 6.031494698312045699e+01
6.400000000000000000e+01 5.067184841453982926e+02 5.670278422273781871e+02 6.303659996968124801e+01
6.500000000000000000e+01 5.119794223826714870e+02 5.696974729241877640e+02 5.772356728403960346e+01
6.600000000000000000e+01 5.059984137055837436e+02 5.523854695431472237e+02 5.218158104698142807e+01
6.700000000000000000e+01 5.109389776357827486e+02 5.429792332268370956e+02 5.690889809223950380e+01
6.800000000000000000e+01 5.145044989140552616e+02 5.358156996587031244e+02 6.198861958138486727e+01
