0.000000000000000000e+00 3.486163487738419349e+02 5.146866485013623560e+02 4.336212596983703804e+01
1.000000000000000000e+00 3.486551538046411451e+02 5.146832164058283752e+02 4.339789233973511529e+01
2.000000000000000000e+00 3.490899784482758719e+02 5.147451508620689538e+02 4.347088570608612912e+01
3.000000000000000000e+00 3.735322265625000000e+02 5.132001953125000000e+02 4.231901833659451029e+01
4.000000000000000000e+00 3.819499545040946487e+02 5.037352138307552423e+02 4.152825753076853488e+01
5.000000000000000000e+00 3.893760640961442050e+02 5.079604406609914804e+02 4.211247340114267956e+01
6.000000000000000000e+00 3.889073033707865079e+02 4.986816479400749245e+02 4.322545181682938420e+01
7.000000000000000000e+00 3.897329490874159319e+02 5.012195004803073743e+02 4.160966441702869645e+01
8.000000000000000000e+00 3.901228150873965319e+02 5.025252989880405039e+02 4.374217930849516023e+01
9.000000000000000000e+00 3.972461240310077528e+02 5.098512596899224718e+02 4.319145848548325972e+01
1.000000000000000000e+01 3.979753437648174668e+02 5.163560929350403512e+02 4.256556759690437985e+01
1.100000000000000000e+01 3.989860442733397576e+02 5.074018286814244334e+02 4.280202690737510096e+01
1.200000000000000000e+01 4.057127799736495604e+02 5.076530522617479164e+02 4.552195737396916542e+01
1.300000000000000000e+01 4.273238724727838189e+02 5.001769051321928714e+02 4.521341187837866471e+01
1.400000000000000000e+01 4.419847071988064044e+02 4.811368892204401391e+02 4.661499253219978556e+01
1.500000000000000000e+01 4.361693048864418643e+02 4.713599449415003164e+02 4.582128949614835278e+01
1.600000000000000000e+01 4.415456165359942702e+02 4.671247327156094116e+02 4.743055847901353417e+01
1.700000000000000000e+01 4.513892100192678072e+02 4.651657032755298928e+02 4.837791039363672496e+01
1.800000000000000000e+01 4.629057239057239030e+02 4.641200897867564663e+02 4.714214519089750866e+01
1.900000000000000000e+01 4.685525081198123303e+02 4.644853843377841827e+02 4.684788558756255128e+01
2.000000000000000000e+01 4.727907239819004417e+02 4.667330316742081209e+02 4.672652312269211450e+01
2.100000000000000000e+01 4.809446536144578204e+02 4.589318524096385659e+02 4.667320027605602917e+01
2.200000000000000000e+01 5.002257065427797329e+02 4.517406116918311909e+02 4.813215620622484181e+01
2.300000000000000000e+01 5.068379970544918933e+02 4.436487481590574475e+02 4.796590600211493438e+01
2.400000000000000000e+01 5.061130679816836846e+02 4.492359985910532032e+02 4.647744697358888288e+01
2.500000000000000000e+01 5.045471894517696114e+02 4.460093684941012953e+02 4.393547264080741854e+01
2.600000000000000000e+01 5.100596026490066492e+02 4.427696061345416751e+02 4.568225505804035436e+01
2.700000000000000000e+01 5.103106827834041042e+02 4.330525971904606308e+02 4.649533062772452041e+01
2.800000000000000000e+01 5.193643383643383231e+02 4.235787995787995897e+02 4.816414973667576760e+01
2.900000000000000000e+01 5.270122661760195797e+02 4.075139527752223216e+02 4.651319704213583606e+01
3.000000000000000000e+01 5.311823255813953892e+02 4.028142635658914514e+02 4.857511576684623833e+01
3.100000000000000000e+01 5.380626865671641781e+02 3.880623880597015045e+02 4.817034697174222657e+01
3.200000000000000000e+01 5.324109388710148778e+02 3.783202690845276379e+02 4.811996906995026535e+01
3.300000000000000000e+01 5.296967285587975312e+02 3.703059239610963687e+02 4.995172259511861768e+01
3.400000000000000000e+01 5.316960110041266034e+02 3.652253094910591358e+02 4.915174147624436074e+01
3.500000000000000000e+01 5.262175541878511922e+02 3.570211399518330495e+02 4.849294605475724751e+01
3.600000000000000000e+01 5.150831460674157825e+02 3.525735955056179591e+02 5.018495596555293758e+01
3.700000000000000000e+01 5.056094339622641769e+02 3.405830188679245225e+02 4.776448003025519284e+01
3.800000000000000000e+01 5.037159309021113245e+02 3.372338908692075847e+02 4.887049750716752783e+01
3.900000000000000000e+01 4.975450832547910522e+02 3.341712221174992123e+02 5.119211891910577350e+01
4.000000000000000000e+01 4.957555555555555316e+02 3.187087407407407227e+02 5.006280507517045919e+01
4.100000000000000000e+01 4.808174465626805159e+02 3.194849797804737364e+02 5.059332924353365968e+01
4.200000000000000000e+01 4.741702838063438890e+02 3.332247078464106949e+02 5.090601811272283328e+01
4.300000000000000000e+01 4.657125392944464011e+02 3.293918966119455263e+02 5.237395664743779378e+01
4.400000000000000000e+01 4.593058976020738555e+02 3.328794556059623915e+02 5.021295670230067998e+01
4.500000000000000000e+01 4.553667612740460413e+02 3.344424471775465122e+02 5.036258536034385003e+01
4.600000000000000000e+01 4.529567124890318723e+02 3.372743492249195469e+02 5.137502763147060136e+01
4.700000000000000000e+01 4.534084190231362186e+02 3.344980719794344282e+02 5.197080542881258225e+01
4.800000000000000000e+01 4.612896341463414842e+02 3.260615853658536594e+02 5.149645502633745053e+01
4.900000000000000000e+01 4.740603525545264461e+02 3.184078279055871121e+02 5.159489221045821239e+01
5.000000000000000000e+01 4.640169115608538846e+02 3.039323537565844049e+02 5.114131680050541462e+01
5.100000000000000000e+01 4.593286358511837761e+02 3.023156708004509596e+02 5.128830479135763909e+01
5.200000000000000000e+01 4.587756461497468763e+02 2.971819877431388477e+02 5.194415773337525621e+01
5.300000000000000000e+01 4.486463516913614740e+02 3.015691920603857739e+02 5.218814685912936824e+01
5.400000000000000000e+01 3.923995127892813457e+02 2.900441534713763758e+02 5.416315642853359691e+01
5.500000000000000000e+01 3.360818608005769761e+02 2.709895420122610972e+02 5.334764128790772020e+01
5.600000000000000000e+01 2.843058017727639140e+02 2.553178887993553587e+02 5.266705925545070244e+01
5.700000000000000000e+01 2.466535260621988641e+02 2.313666228646517879e+02 5.336747323231354301e+01
5.800000000000000000e+01 2.636566404442388034e+02 2.440129569643683567e+02 5.632816380938812273e+01
5.900000000000000000e+01 2.873834269662921201e+02 2.667846441947565381e+02 5.433802300613675129e+01
6.000000000000000000e+01 3.220252943741822946e+02 2.896157871783689757e+02 5.616381187430447142e+01
6.100000000000000000e+01 3.621958762886598038e+02 3.042353951890034409e+02 5.412188613079087673e+01
