0.000000000000000000e+00 4.059541284403669579e+02 5.766330275229357767e+02 5.891782166867272963e+01
1.000000000000000000e+00 4.075488505747126169e+02 5.786522988505747662e+02 5.921816031113670675e+01
2.000000000000000000e+00 3.953888888888889142e+02 5.847444444444444116e+02 4.742789979550376245e+01
3.000000000000000000e+00 4.245504587155963350e+02 5.529266055045872008e+02 4.653068291447230109e+01
4.000000000000000000e+00 4.444264705882353041e+02 5.299117647058823195e+02 4.078262009822473999e+01
5.000000000000000000e+00 4.875828220858895747e+02 5.208773006134969137e+02 4.224099554928295674e+01
6.000000000000000000e+00 5.060087719298245474e+02 5.134385964912280542e+02 4.188298878009526049e+01
7.000000000000000000e+00 5.131871657754010130e+02 5.130534759358288284e+02 4.235992420691427895e+01
8.000000000000000000e+00 5.219023255813953028e+02 5.057162790697674382e+02 4.692768518220670870e+01
9.000000000000000000e+00 5.331183673469387259e+02 4.897142857142857224e+02 5.160808223947568507e+01
1.000000000000000000e+01 5.410668789808917154e+02 4.596433121019108512e+02 4.577867158713598172e+01
1.100000000000000000e+01 5.394086021505376038e+02 4.445247311827956764e+02 4.600730028987792508e+01
1.200000000000000000e+01 5.563951612903225623e+02 4.092043010752688019e+02 4.879013055739930849e+01
1.300000000000000000e+01 5.569937888198758174e+02 3.971987577639751521e+02 4.878617520932656504e+01
1.400000000000000000e+01 5.671628440366972654e+02 3.888944954128440372e+02 5.020587397700055732e+01
1.500000000000000000e+01 5.711559888579387234e+02 3.915376044568245106e+02 4.363243876969351476e+01
1.600000000000000000e+01 5.658550185873606324e+02 3.864014869888475801e+02 4.671037016317772128e+01
1.700000000000000000e+01 5.709783950617284063e+02 3.978148148148148380e+02 5.032099853932568578e+01
1.800000000000000000e+01 5.735275080906149014e+02 3.879870550161812162e+02 5.131244997400033014e+01
1.900000000000000000e+01 5.698437500000000000e+02 3.980480769230769056e+02 4.996176139278963291e+01
2.000000000000000000e+01 5.728260869565217490e+02 3.782480818414322243e+02 5.182774711270574386e+01
2.100000000000000000e+01 5.764304267161410280e+02 3.724712430426716310e+02 5.055173226515044149e+01
2.200000000000000000e+01 5.748177257525084087e+02 3.707090301003344734e+02 5.028701075236856610e+01
2.300000000000000000e+01 5.759670781893004232e+02 3.594691358024691112e+02 4.720737261698973697e+01
2.400000000000000000e+01 5.795594202898550975e+02 3.569246376811594246e+02 4.971419977546928237e+01
2.500000000000000000e+01 5.785521091811414180e+02 3.478138957816377115e+02 5.110786767892880533e+01
2.600000000000000000e+01 5.665581761006288843e+02 3.507185534591195051e+02 5.154276280038385494e+01
2.700000000000000000e+01 5.620844875346260778e+02 3.427049861495844993e+02 5.150940543313558351e+01
2.800000000000000000e+01 5.659866863905325545e+02 3.449363905325443511e+02 5.136600228540893909e+01
2.900000000000000000e+01 5.746872309899569018e+02 3.328680057388809246e+02 5.212623559612700319e+01
3.000000000000000000e+01 5.654652173913043498e+02 3.465597826086956275e+02 5.003515719312036936e+01
3.100000000000000000e+01 5.458510028653295194e+02 3.482478510028653318e+02 5.266418760663825083e+01
3.200000000000000000e+01 5.150370942812983230e+02 3.369520865533230563e+02 5.267714831197603331e+01
3.300000000000000000e+01 5.010931758530183515e+02 3.368175853018372550e+02 4.757273790964393356e+01
3.400000000000000000e+01 4.824912280701754526e+02 3.336101364522417043e+02 5.092264204975057851e+01
3.500000000000000000e+01 4.761090573012938876e+02 3.432661737523105216e+02 5.204466723333558065e+01
3.600000000000000000e+01 4.761501976284584998e+02 3.293379446640316246e+02 5.172666448802488759e+01
3.700000000000000000e+01 4.783080808080808310e+02 3.354823232323232105e+02 4.463865274851070097e+01
3.800000000000000000e+01 4.764952561669829265e+02 3.503605313092979259e+02 4.845889193114906135e+01
3.900000000000000000e+01 4.726577777777777669e+02 3.285866666666666447e+02 4.950219788112168118e+01
4.000000000000000000e+01 4.799092409240923871e+02 3.315330033003300514e+02 5.337167838011337295e+01
4.100000000000000000e+01 4.861567291311754957e+02 3.380221465076660934e+02 4.754512414189670011e+01
4.200000000000000000e+01 4.739475524475524253e+02 3.387430069930069862e+02 4.875494682811412162e+01
4.300000000000000000e+01 4.752770511296076279e+02 3.446920332936979889e+02 4.654857822971535342e+01
4.400000000000000000e+01 4.653777777777777942e+02 3.359680555555555657e+02 5.151760095295131947e+01
4.500000000000000000e+01 4.761403743315507882e+02 3.352847593582887953e+02 4.899823481148621340e+01
4.600000000000000000e+01 4.911875843454790811e+02 3.385317139001349460e+02 5.201732596360512417e+01
4.700000000000000000e+01 4.928851674641148293e+02 3.359377990430622276e+02 5.030573680064703979e+01
4.800000000000000000e+01 4.984977777777777987e+02 3.265055555555555316e+02 5.027029129038097466e+01
4.900000000000000000e+01 4.996232961586121633e+02 3.352205700123915904e+02 5.781359419348348894e+01
5.000000000000000000e+01 4.951375598086124228e+02 3.296602870813397317e+02 5.214445226576861359e+01
5.100000000000000000e+01 4.820903155603917298e+02 3.203569096844395858e+02 4.847525464364308334e+01
5.200000000000000000e+01 4.992620904836193176e+02 3.244914196567862632e+02 5.127078052286823606e+01
5.300000000000000000e+01 4.931487603305785115e+02 3.169520661157025074e+02 5.024377304434426605e+01
5.400000000000000000e+01 4.870086767895878666e+02 3.182386117136659323e+02 5.234085926708074510e+01
5.500000000000000000e+01 4.879683544303797476e+02 3.108881856540084527e+02 4.526195669608258498e+01
5.600000000000000000e+01 4.894246284501061837e+02 3.341953290870488331e+02 5.478785769119463112e+01
5.700000000000000000e+01 4.802785046728972134e+02 3.315121495327102821e+02 4.494900898831203762e+01
5.800000000000000000e+01 4.697622504537205259e+02 3.359328493647913092e+02 5.351676586924259738e+01
5.900000000000000000e+01 4.708779661016949376e+02 3.350677966101694665e+02 4.488600441900845084e+01
6.000000000000000000e+01 4.769683098591549424e+02 3.524190140845070687e+02 5.808225869441230316e+01
6.100000000000000000e+01 4.736289808917197206e+02 3.575987261146497076e+02 5.420566272873090696e+01
6.200000000000000000e+01 4.826461794019933791e+02 3.508471760797341972e+02 4.851892079491179288e+01
6.300000000000000000e+01 4.790172413793103487e+02 3.558832891246684085e+02 5.280667038115624479e+01
6.400000000000000000e+01 4.805472779369627574e+02 3.448194842406877001e+02 5.153770415560781970e+01
6.500000000000000000e+01 4.895088435374149753e+02 3.421387755102040842e+02 5.150266537472244011e+01
6.600000000000000000e+01 4.811805054151624290e+02 3.424428399518652100e+02 5.232682123270456742e+01
6.700000000000000000e+01 4.837394695787831438e+02 3.481965678627145167e+02 5.630484116522411142e+01
6.800000000000000000e+01 4.711090174966352606e+02 3.446419919246299060e+02 5.507277626600694731e+01
6.900000000000000000e+01 4.664375939849624046e+02 3.471819548872180690e+02 5.511350752940715125e+01
7.000000000000000000e+01 4.787827426810477505e+02 3.455963020030816892e+02 6.173563846570812785e+01
7.100000000000000000e+01 4.826465863453815359e+02 3.448052208835341617e+02 5.065030726212794576e+01
7.200000000000000000e+01 4.878252595155709059e+02 3.433252595155709059e+02 4.963231943218293907e+01
7.300000000000000000e+01 4.931405750798721783e+02 3.356805111821086030e+02 5.251763330267925056e+01
7.400000000000000000e+01 4.915093632958801777e+02 3.359400749063670446e+02 5.284093038836558520e+01
7.500000000000000000e+01 4.898239436619718390e+02 3.490316901408450576e+02 4.967581211978288991e+01
7.600000000000000000e+01 4.865250737463126711e+02 3.750619469026548813e+02 5.001310258965803968e+01
7.700000000000000000e+01 4.787179487179487296e+02 3.483916083916083721e+02 4.458759696629353897e+01
7.800000000000000000e+01 4.915329670329670080e+02 3.515457875457875616e+02 5.214823303446416958e+01
7.900000000000000000e+01 4.898491124260355036e+02 3.426982248520710073e+02 5.625795206561713968e+01
8.000000000000000000e+01 4.946035242290748783e+02 3.379676945668135204e+02 5.291280946071029945e+01
8.100000000000000000e+01 4.892208201892744341e+02 3.390220820189274491e+02 5.063911369684456076e+01
8.200000000000000000e+01 4.986044657097288564e+02 3.497910685805422872e+02 5.509828158789977692e+01
8.300000000000000000e+01 4.989078787878788148e+02 3.332206060606060873e+02 5.045764919018539274e+01
8.400000000000000000e+01 4.853943452380952408e+02 3.416428571428571672e+02 6.021028112139607913e+01
8.500000000000000000e+01 4.834765432098765245e+02 3.380444444444444230e+02 5.361530155552711108e+01
8.600000000000000000e+01 4.852974504249291954e+02 3.496784702549575172e+02 5.993870273212908018e+01
8.700000000000000000e+01 4.879897510980966331e+02 3.550571010248901871e+02 5.832754110803649183e+01
8.800000000000000000e+01 4.778886138613861476e+02 3.402982673267326845e+02 5.551437121960535137e+01
8.900000000000000000e+01 4.729116279069767188e+02 3.443302325581395280e+02 5.900059943534424889e+01
9.000000000000000000e+01 4.724852150537634543e+02 3.338629032258064626e+02 5.571285171389922652e+01
9.100000000000000000e+01 4.727019064124783085e+02 3.372461005199306783e+02 5.466465882847731450e+01
9.200000000000000000e+01 4.725977564102564088e+02 3.413333333333333144e+02 6.192091605744907667e+01
9.300000000000000000e+01 4.639276672694394392e+02 3.234032549728752315e+02 5.535824770716322263e+01
9.400000000000000000e+01 4.778669527896995533e+02 3.241180257510729348e+02 5.537775578852102853e+01
9.500000000000000000e+01 4.816646090534979407e+02 3.185102880658436106e+02 5.723462252974334064e+01
9.600000000000000000e+01 4.858598290598290532e+02 3.131367521367521363e+02 4.752297808252782829e+01
9.700000000000000000e+01 4.850740740740740762e+02 3.172979066022544430e+02 4.237358731053921446e+01
9.800000000000000000e+01 4.773338509316770342e+02 3.158649068322981179e+02 5.155318168492284059e+01
9.900000000000000000e+01 4.636225895316804326e+02 3.096005509641873346e+02 5.542382096338042174e+01
1.000000000000000000e+02 4.619853723404255561e+02 3.101103723404255561e+02 5.616622222360749817e+01
1.010000000000000000e+02 4.622523584905660528e+02 3.144811320754716917e+02 6.436371895473588722e+01
1.020000000000000000e+02 4.467530040053404718e+02 2.953124165554071965e+02 5.264337280186339996e+01
1.030000000000000000e+02 4.352827868852459119e+02 3.146557377049180104e+02 5.713716251430700765e+01
1.040000000000000000e+02 4.257078986587183067e+02 3.186229508196721554e+02 5.909849762306362919e+01
1.050000000000000000e+02 4.265790476190476284e+02 3.298190476190476375e+02 6.006900443177026716e+01
1.060000000000000000e+02 4.352424812030075145e+02 3.477180451127819651e+02 6.417409689139816464e+01
1.070000000000000000e+02 4.390668058455115101e+02 3.649853862212943909e+02 6.754382726110708290e+01
1.080000000000000000e+02 4.404312267657992379e+02 3.628011152416356708e+02 6.130752627771058627e+01
1.090000000000000000e+02 4.552231884057970888e+02 3.720782608695652129e+02 6.525301262297942628e+01
1.100000000000000000e+02 4.667049180327869067e+02 3.916426229508196570e+02 5.830753651831572881e+01
1.110000000000000000e+02 4.609658119658119517e+02 3.894472934472934753e+02 5.386932497122773356e+01
1.120000000000000000e+02 4.560401146131804921e+02 3.818653295128939931e+02 5.176877478406580479e+01
1.130000000000000000e+02 4.521354166666666856e+02 3.954270833333333144e+02 6.063008820285610767e+01
1.140000000000000000e+02 4.496822742474916481e+02 4.169130434782608745e+02 5.802884057438893706e+01
1.150000000000000000e+02 4.428925081433224591e+02 4.201042345276873107e+02 5.851969008714294773e+01
1.160000000000000000e+02 4.379593750000000227e+02 4.331125000000000114e+02 6.624269822674325781e+01
1.170000000000000000e+02 4.349847094801223193e+02 4.135779816513761489e+02 5.730605331222984944e+01
1.180000000000000000e+02 4.323065902578796340e+02 4.145730659025787759e+02 6.053348268728503712e+01
1.190000000000000000e+02 4.334863731656184314e+02 4.093438155136268506e+02 6.168495013135063942e+01
1.200000000000000000e+02 4.207984496124030898e+02 4.160000000000000000e+02 5.759735672296313425e+01
1.210000000000000000e+02 4.155425531914893895e+02 4.154531914893617000e+02 5.755591396400355819e+01
1.220000000000000000e+02 4.079891540130151952e+02 4.145813449023860926e+02 5.528665479233033864e+01
1.230000000000000000e+02 3.990504385964912331e+02 4.246557017543859729e+02 5.749562884010125430e+01
1.240000000000000000e+02 3.911827956989247355e+02 4.219973118279569917e+02 5.710023650225726044e+01
1.250000000000000000e+02 3.690638297872340559e+02 4.268510638297872219e+02 5.446280517959741729e+01
1.260000000000000000e+02 3.755254629629629903e+02 4.202106481481481524e+02 5.494946228054578796e+01
1.270000000000000000e+02 3.650603448275862206e+02 3.991336206896551744e+02 5.667724764457783238e+01
1.280000000000000000e+02 3.564077669902912362e+02 4.009077669902912362e+02 5.441948694134642039e+01
1.290000000000000000e+02 3.564057971014492523e+02 3.986714975845410436e+02 5.840180556400942180e+01
1.300000000000000000e+02 3.479774919614147848e+02 3.995852090032154251e+02 5.729054776347534528e+01
1.310000000000000000e+02 3.344980237154150018e+02 4.206166007905138144e+02 5.896133452967217181e+01
1.320000000000000000e+02 3.337909407665505341e+02 4.022648083623693651e+02 5.657332607362710775e+01
1.330000000000000000e+02 3.542898550724637516e+02 3.961400966183574610e+02 5.543954996182473849e+01
1.340000000000000000e+02 3.363785046728971793e+02 4.295093457943925159e+02 5.792800165585452987e+01
1.350000000000000000e+02 3.223333333333333144e+02 4.245229885057471506e+02 5.860671937431570200e+01
1.360000000000000000e+02 2.998833922261484304e+02 4.058869257950530027e+02 6.176541548239956114e+01
1.370000000000000000e+02 3.068576158940397249e+02 4.160629139072847806e+02 5.146376215323027026e+01
1.380000000000000000e+02 2.877245762711864359e+02 4.015932203389830306e+02 5.931944712883127835e+01
1.390000000000000000e+02 2.672137681159420026e+02 4.153695652173913118e+02 5.622930189331330553e+01
1.400000000000000000e+02 2.694052631578947512e+02 4.040789473684210407e+02 5.804170961818458352e+01
1.410000000000000000e+02 2.570450450450450717e+02 4.083648648648648418e+02 6.441073841334751648e+01
1.420000000000000000e+02 2.395129533678756388e+02 3.858963730569948325e+02 5.661679866960339780e+01
1.430000000000000000e+02 2.655430463576158786e+02 3.828211920529801091e+02 5.217822503790888788e+01
1.440000000000000000e+02 2.674265402843602146e+02 3.809383886255924381e+02 5.510583571622521504e+01
1.450000000000000000e+02 2.456239316239316111e+02 4.083418803418803691e+02 5.704667288273308401e+01
1.460000000000000000e+02 2.510851063829787222e+02 3.844184397163120366e+02 6.364302543393097977e+01
1.470000000000000000e+02 2.417500000000000000e+02 3.948999999999999773e+02 5.826520954100433869e+01
1.480000000000000000e+02 2.447435897435897516e+02 3.835555555555555429e+02 5.834316375638403684e+01
1.490000000000000000e+02 2.290891089108910990e+02 3.561237623762376074e+02 6.038991711379376426e+01
1.500000000000000000e+02 2.274926470588235361e+02 3.414338235294117680e+02 5.963574462683627786e+01
1.510000000000000000e+02 2.340377358490566166e+02 3.334276729559748560e+02 5.868349664741069205e+01
1.520000000000000000e+02 2.588046875000000000e+02 3.563828125000000000e+02 6.173509178431005751e+01
1.530000000000000000e+02 2.513491124260355036e+02 3.472189349112426271e+02 5.349530210945574282e+01
1.540000000000000000e+02 2.696375545851528273e+02 3.560218340611353938e+02 6.515496501908890536e+01
1.550000000000000000e+02 2.777448979591836746e+02 3.468316326530612059e+02 6.246250666320206335e+01
1.560000000000000000e+02 3.125424354243542666e+02 3.327121771217712194e+02 6.172139556813881001e+01
1.570000000000000000e+02 3.198876146788990695e+02 3.404036697247706229e+02 5.938859834137740279e+01
1.580000000000000000e+02 3.244466403162055599e+02 3.475375494071146250e+02 6.333019133154832048e+01
1.590000000000000000e+02 3.046942675159235705e+02 3.399044585987261371e+02 5.971636204847135332e+01
1.600000000000000000e+02 2.985710723192020168e+02 3.466807980049875368e+02 5.932398400952137507e+01
1.610000000000000000e+02 2.845539033457249047e+02 3.618773234200743332e+02 5.565779070088841962e+01
1.620000000000000000e+02 2.841766784452296974e+02 3.604275618374558121e+02 5.414567548273824826e+01
1.630000000000000000e+02 2.723208556149732544e+02 3.691657754010695385e+02 5.587517647034155033e+01
1.640000000000000000e+02 2.601050724637681242e+02 3.731304347826086882e+02 5.565952583439838008e+01
1.650000000000000000e+02 2.631543209876543301e+02 3.764567901234568126e+02 5.847291973752205507e+01
1.660000000000000000e+02 2.599528795811518194e+02 3.873769633507853314e+02 5.000394929717051440e+01
1.670000000000000000e+02 2.487704081632653015e+02 3.565357142857142776e+02 5.973288408113013048e+01
1.680000000000000000e+02 2.542176470588235304e+02 3.548529411764706083e+02 5.947022342356250846e+01
1.690000000000000000e+02 2.566343283582089612e+02 3.516567164179104452e+02 5.212122000645241826e+01
1.700000000000000000e+02 2.601317829457364610e+02 3.614496124031007867e+02 5.826886906485511730e+01
1.710000000000000000e+02 2.645873786407767057e+02 3.839563106796116472e+02 6.068782662838251696e+01
1.720000000000000000e+02 2.472768361581920828e+02 3.561807909604519864e+02 5.563001515346419978e+01
1.730000000000000000e+02 2.579702127659574558e+02 3.483361702127659782e+02 5.689173121844809344e+01
1.740000000000000000e+02 2.660864197530864317e+02 3.478024691358024825e+02 6.012633146472673928e+01
1.750000000000000000e+02 2.621750841750841801e+02 3.623468013468013282e+02 5.999955597714982503e+01
1.760000000000000000e+02 2.646482758620689424e+02 3.572137931034482676e+02 5.605695591786665233e+01
1.770000000000000000e+02 2.701222493887530618e+02 3.621638141809290801e+02 5.835084661498642333e+01
1.780000000000000000e+02 2.559970930232558146e+02 3.731627906976744384e+02 5.658698492437338246e+01
1.790000000000000000e+02 2.436075581395348877e+02 3.663691860465116292e+02 5.793425839432467228e+01
1.800000000000000000e+02 2.515806451612903345e+02 3.686370967741935374e+02 5.694259013954500404e+01
1.810000000000000000e+02 2.544455958549222885e+02 3.780155440414507666e+02 6.274352069533035348e+01
1.820000000000000000e+02 2.781083032490974460e+02 3.773537906137183882e+02 5.699699401226870066e+01
1.830000000000000000e+02 2.527586206896551744e+02 3.613831417624521123e+02 5.682053076306293349e+01
1.840000000000000000e+02 2.591407407407407391e+02 3.773925925925926208e+02 6.292185150195018650e+01
1.850000000000000000e+02 2.645478723404255561e+02 3.521010638297872219e+02 5.958409259262082003e+01
1.860000000000000000e+02 3.008212765957446777e+02 3.612170212765957444e+02 5.101540966747266737e+01
1.870000000000000000e+02 3.104431818181818130e+02 3.544507575757575637e+02 5.320666210478172076e+01
1.880000000000000000e+02 3.044075471698113233e+02 3.691018867924528308e+02 5.899741708328517831e+01
1.890000000000000000e+02 2.984629629629629903e+02 3.457530864197530605e+02 5.281509798837851832e+01
1.900000000000000000e+02 2.920634920634920491e+02 3.629312169312169090e+02 5.781540337381510852e+01
1.910000000000000000e+02 2.937801724137930819e+02 3.582543103448275588e+02 6.070461922444044234e+01
1.920000000000000000e+02 3.030431372549019784e+02 3.788823529411764639e+02 6.111580123905672934e+01
1.930000000000000000e+02 2.975551601423487682e+02 3.967686832740213276e+02 6.569392415263034479e+01
1.940000000000000000e+02 2.926959247648902647e+02 4.075924764890282290e+02 5.828103265140926936e+01
1.950000000000000000e+02 2.814045801526717696e+02 3.977213740458015536e+02 5.632030042293470729e+01
1.960000000000000000e+02 2.729258241758241752e+02 3.697967032967032992e+02 5.457558407556207669e+01
1.970000000000000000e+02 2.792147239263803726e+02 3.597453987730061158e+02 5.703085047767113025e+01
1.980000000000000000e+02 2.824454022988505812e+02 3.469712643678161044e+02 5.611435561421114926e+01
1.990000000000000000e+02 2.854041994750656386e+02 3.599422572178477822e+02 6.063068536405943831e+01
2.000000000000000000e+02 2.811958041958042145e+02 3.544650349650349881e+02 5.650689002220364188e+01
2.010000000000000000e+02 2.846169014084507012e+02 3.563859154929577358e+02 5.996416836578357135e+01
2.020000000000000000e+02 2.742700296735904999e+02 3.635727002967358885e+02 5.639593226019793093e+01
2.030000000000000000e+02 2.662847682119205501e+02 3.647483443708609343e+02 5.615990604255385676e+01
2.040000000000000000e+02 2.762414965986394577e+02 3.527108843537415055e+02 5.945415769352163693e+01
2.050000000000000000e+02 2.737433628318584056e+02 3.363805309734513003e+02 6.114216674915201111e+01
2.060000000000000000e+02 2.925740072202166289e+02 3.237797833935018161e+02 5.603059052436433518e+01
2.070000000000000000e+02 3.096253298153034166e+02 3.305646437994723215e+02 5.815446547808162592e+01
2.080000000000000000e+02 3.011956521739130608e+02 3.169086956521738898e+02 4.961316788133138544e+01
2.090000000000000000e+02 3.039550173010380831e+02 3.259134948096885864e+02 5.704339550655706148e+01
2.100000000000000000e+02 3.122790123456790070e+02 3.370345679012345954e+02 5.571366363106858444e+01
2.110000000000000000e+02 2.975076452599388404e+02 3.278990825688073301e+02 5.516118723154848169e+01
2.120000000000000000e+02 3.036376811594203105e+02 3.219528985507246261e+02 5.893093955594140709e+01
2.130000000000000000e+02 3.048093841642228767e+02 3.403137829912023449e+02 6.239031513661700501e+01
2.140000000000000000e+02 2.991937172774868827e+02 3.298979057591623132e+02 5.859160017094442452e+01
2.150000000000000000e+02 3.062082474226804152e+02 3.321979381443298962e+02 5.941829641067915446e+01
2.160000000000000000e+02 3.057670979667282722e+02 3.433179297597042705e+02 6.137786318788251094e+01
2.170000000000000000e+02 2.905680345572354213e+02 3.289676025917926836e+02 5.912844533225025856e+01
2.180000000000000000e+02 3.105143540669856179e+02 3.487655502392344715e+02 6.100787143893542464e+01
2.190000000000000000e+02 3.168506787330316570e+02 3.630950226244343639e+02 5.907687594266596420e+01
2.200000000000000000e+02 2.894324324324324493e+02 3.618228228228228431e+02 6.440702674338221811e+01
2.210000000000000000e+02 3.078894472361808994e+02 3.629145728643215989e+02 6.440263250252839100e+01
2.220000000000000000e+02 3.176450116009280578e+02 3.588584686774942156e+02 5.761100559825689515e+01
2.230000000000000000e+02 3.161391076115485816e+02 3.623070866141732154e+02 6.215809785567795132e+01
2.240000000000000000e+02 3.294369501466275665e+02 3.608181818181818130e+02 5.894076308782414486e+01
2.250000000000000000e+02 3.196322580645161224e+02 3.693225806451612812e+02 5.780232776189059507e+01
2.260000000000000000e+02 3.190319634703196243e+02 3.590684931506849580e+02 5.486574518574801118e+01
2.270000000000000000e+02 3.080582524271844704e+02 3.691893203883495289e+02 5.847491028960472903e+01
2.280000000000000000e+02 3.197457627118644155e+02 3.553457627118643813e+02 6.309918650008203400e+01
2.290000000000000000e+02 3.195354838709677665e+02 3.397387096774193651e+02 5.471506678035178339e+01
2.300000000000000000e+02 3.203548387096774377e+02 3.506021505376344294e+02 5.779312722460476692e+01
2.310000000000000000e+02 3.104044585987261371e+02 3.609936305732484243e+02 5.569644813141820805e+01
2.320000000000000000e+02 3.176777408637873918e+02 3.581627906976744384e+02 5.726405481468522396e+01
2.330000000000000000e+02 2.995508274231678456e+02 3.600425531914893895e+02 5.535827625574142985e+01
2.340000000000000000e+02 3.215538922155688510e+02 3.725568862275449078e+02 6.102568785478039359e+01
2.350000000000000000e+02 3.295574162679425854e+02 3.842559808612440406e+02 5.656191788793307040e+01
2.360000000000000000e+02 3.223225108225108215e+02 4.185649350649350708e+02 6.192109379514214851e+01
2.370000000000000000e+02 3.011082251082250991e+02 4.285714285714285552e+02 6.206876740022984507e+01
2.380000000000000000e+02 3.146666666666666856e+02 4.231862745098039227e+02 6.336016929776138085e+01
2.390000000000000000e+02 2.940290909090908826e+02 4.048836363636363558e+02 5.773532221616987670e+01
2.400000000000000000e+02 2.976357388316151287e+02 4.142130584192439642e+02 5.386734944025700145e+01
2.410000000000000000e+02 3.154126984126984325e+02 4.228666666666666742e+02 5.815689641525824527e+01
2.420000000000000000e+02 3.002643171806167288e+02 4.122334801762114580e+02 5.831596930016448255e+01
2.430000000000000000e+02 3.049482071713147207e+02 3.933984063745019739e+02 5.571113910289878390e+01
2.440000000000000000e+02 3.026540540540540292e+02 4.084648648648648646e+02 5.843619209346397980e+01
2.450000000000000000e+02 3.054060150375939884e+02 4.273984962406015029e+02 5.918303168775252487e+01
2.460000000000000000e+02 2.886754966887417027e+02 3.917284768211920323e+02 5.365186818293766891e+01
2.470000000000000000e+02 2.753555555555555543e+02 4.075333333333333599e+02 5.898973754647894907e+01
2.480000000000000000e+02 2.789531250000000000e+02 3.889218750000000000e+02 5.602112725765833545e+01
2.490000000000000000e+02 2.908017241379310462e+02 4.031551724137930819e+02 5.728638330050863203e+01
2.500000000000000000e+02 2.921058201058201007e+02 4.059100529100529116e+02 5.961256545648294036e+01
2.510000000000000000e+02 2.915483870967742064e+02 4.030783410138249110e+02 6.184578003024567039e+01
2.520000000000000000e+02 2.995176991150442518e+02 4.119778761061946852e+02 5.926076014404363690e+01
2.530000000000000000e+02 3.153323262839879249e+02 4.058821752265861278e+02 6.008583610746317305e+01
2.540000000000000000e+02 3.081240694789082113e+02 4.124863523573200723e+02 5.859272881201016503e+01
2.550000000000000000e+02 2.947310924369747909e+02 4.250252100840336311e+02 6.190344333614803674e+01
2.560000000000000000e+02 3.096528925619834922e+02 4.065344352617079835e+02 5.646317174181868381e+01
2.570000000000000000e+02 3.271327160493827364e+02 4.022129629629629903e+02 5.760491230889542180e+01
2.580000000000000000e+02 2.973129032258064512e+02 4.200967741935484128e+02 5.572535605065170472e+01
2.590000000000000000e+02 2.887061403508772059e+02 4.198114035087719458e+02 5.123647454191349482e+01
2.600000000000000000e+02 2.731935483870967687e+02 4.212580645161290249e+02 5.295208769724714415e+01
2.610000000000000000e+02 2.935000000000000000e+02 4.260185185185185333e+02 6.057647163976894689e+01
2.620000000000000000e+02 2.880562499999999773e+02 4.246000000000000227e+02 5.561771827338388619e+01
2.630000000000000000e+02 2.775333333333333599e+02 4.117030303030302889e+02 5.518429262420082182e+01
2.640000000000000000e+02 2.796047904191617022e+02 4.058263473053892199e+02 6.219949940301091118e+01
2.650000000000000000e+02 2.823490566037735903e+02 4.080754716981132333e+02 5.925524267324252747e+01
2.660000000000000000e+02 2.880087719298245474e+02 4.165438596491227941e+02 5.709927273400990799e+01
2.670000000000000000e+02 2.870689655172413950e+02 3.862068965517241281e+02 5.502583114089900107e+01
2.680000000000000000e+02 2.855675675675675507e+02 4.092162162162161962e+02 6.101416569044755533e+01
2.690000000000000000e+02 2.810671140939597308e+02 4.217449664429530003e+02 6.221318822527617698e+01
2.700000000000000000e+02 2.874728260869565020e+02 4.145217391304348098e+02 5.701514754745640090e+01
2.710000000000000000e+02 2.812683982683982435e+02 4.216796536796536543e+02 5.447067814736656999e+01
2.720000000000000000e+02 2.772587719298245474e+02 4.037938596491227941e+02 6.034182759313114985e+01
2.730000000000000000e+02 2.811213720316622471e+02 4.029445910290237407e+02 6.108772733426771850e+01
2.740000000000000000e+02 2.756391437308868717e+02 3.972782874617736866e+02 6.398191389136869134e+01
2.750000000000000000e+02 2.715088235294117567e+02 3.811382352941176350e+02 5.411897233032021859e+01
2.760000000000000000e+02 2.692459016393442539e+02 3.964098360655737565e+02 5.881564216689668001e+01
2.770000000000000000e+02 2.563770491803278446e+02 4.026754098360655689e+02 5.822355179253333546e+01
2.780000000000000000e+02 2.754940711462450622e+02 4.078853754940711269e+02 5.983762339780400197e+01
2.790000000000000000e+02 2.563218390804597675e+02 4.231954022988505812e+02 6.052183672284337490e+01
2.800000000000000000e+02 2.774599999999999795e+02 4.396949999999999932e+02 6.147674662016525815e+01
2.810000000000000000e+02 2.873668122270742629e+02 4.240436681222707307e+02 5.741273047406634333e+01
2.820000000000000000e+02 2.708217054263565728e+02 4.195581395348837077e+02 5.927904797239840207e+01
2.830000000000000000e+02 3.065986394557822905e+02 4.128435374149659651e+02 5.217322801677156008e+01
2.840000000000000000e+02 2.886119402985074771e+02 4.229850746268656962e+02 6.171780936546163332e+01
2.850000000000000000e+02 2.891769911504424613e+02 4.223274336283186017e+02 6.094254839366780629e+01
2.860000000000000000e+02 2.884037267080745437e+02 4.106832298136645818e+02 5.130481328650539297e+01
2.870000000000000000e+02 2.890216216216216480e+02 4.040594594594594469e+02 6.249256212864442261e+01
2.880000000000000000e+02 2.995090909090909008e+02 3.912036363636363490e+02 6.170396550204602448e+01
2.890000000000000000e+02 2.969426229508196684e+02 3.867295081967213264e+02 6.013991010934607573e+01
2.900000000000000000e+02 3.125116279069767415e+02 3.766847545219638391e+02 5.430905525321148275e+01
2.910000000000000000e+02 3.141693989071038118e+02 3.857622950819672383e+02 5.540861173079621693e+01
2.920000000000000000e+02 3.186303797468354446e+02 3.895341772151898567e+02 6.126481890588775769e+01
2.930000000000000000e+02 3.059104859335038213e+02 3.957109974424552661e+02 5.752909215599768089e+01
2.940000000000000000e+02 3.249123595505618027e+02 3.985460674157303629e+02 6.139633425430363900e+01
2.950000000000000000e+02 3.272962138084632784e+02 3.767884187082405560e+02 6.006159613580300061e+01
2.960000000000000000e+02 3.370510638297872106e+02 3.711170212765957217e+02 5.960185878684101368e+01
2.970000000000000000e+02 3.438757637474541866e+02 3.732505091649694577e+02 5.937106910921932723e+01
2.980000000000000000e+02 3.453542510121457667e+02 3.772348178137651757e+02 5.832700930604973166e+01
2.990000000000000000e+02 3.379696132596685061e+02 3.878259668508287064e+02 5.893714935114684295e+01
3.000000000000000000e+02 3.339873817034700210e+02 4.013753943217665778e+02 5.802029117490344845e+01
3.010000000000000000e+02 3.358065843621399154e+02 4.047695473251029057e+02 5.803443720506601977e+01
3.020000000000000000e+02 3.225130111524163681e+02 3.717100371747212080e+02 5.449370167080409999e+01
