0.000000000000000000e+00 5.001412901540872440e+02 5.402047531992687937e+02 8.226282024430273054e+01
1.000000000000000000e+00 4.992707468879668227e+02 5.391872406639004112e+02 8.087066115858434046e+01
2.000000000000000000e+00 5.095637707948243929e+02 5.151856350673356246e+02 8.771682757574316724e+01
3.000000000000000000e+00 5.223051061678463611e+02 4.991650657229524768e+02 9.093373617840400414e+01
4.000000000000000000e+00 5.212965914121292599e+02 4.847016378928729523e+02 8.500094051427085162e+01
5.000000000000000000e+00 5.295594038623005417e+02 4.670340050377834018e+02 8.948569896378248245e+01
6.000000000000000000e+00 5.398966709900562364e+02 4.591158668396022335e+02 9.033722251034471640e+01
7.000000000000000000e+00 5.616912539515278695e+02 4.492244467860905957e+02 9.551151696945500191e+01
8.000000000000000000e+00 5.639718985606580191e+02 4.508455563171121980e+02 9.235198920870608674e+01
9.000000000000000000e+00 5.659732833372393088e+02 4.458631356925239970e+02 8.742455587876185064e+01
1.000000000000000000e+01 5.735125772285966832e+02 4.335798764342453637e+02 9.221885588299292635e+01
1.100000000000000000e+01 5.747834358186011059e+02 4.437755572636433499e+02 9.576332436500952383e+01
1.200000000000000000e+01 5.696688115825457999e+02 4.318821636838929976e+02 9.658113084984411500e+01
1.300000000000000000e+01 5.680877411325451476e+02 4.354331051649035658e+02 9.557232656064302034e+01
1.400000000000000000e+01 5.484480015154384773e+02 4.451303277135821190e+02 9.369393107556081191e+01
1.500000000000000000e+01 5.475096713615023418e+02 4.184991549295774576e+02 9.383744610083518012e+01
1.600000000000000000e+01 5.503792613636363740e+02 4.112524857954545610e+02 9.190958191052997961e+01
1.700000000000000000e+01 5.528858763069289353e+02 4.013616870458975541e+02 9.055778215454947144e+01
1.800000000000000000e+01 5.436086726599683061e+02 4.250904283447911212e+02 9.145239337744111197e+01
1.900000000000000000e+01 5.422972367438386527e+02 4.452925690814040536e+02 9.480393208269784111e+01
2.000000000000000000e+01 5.407790087463556574e+02 4.467341107871720283e+02 9.901997324459760819e+01
2.100000000000000000e+01 5.393978247228612872e+02 4.663354946663877740e+02 9.766444865587186541e+01
2.200000000000000000e+01 5.289823399558498522e+02 4.687780453542042665e+02 9.633699481066805959e+01
2.300000000000000000e+01 5.121544928077713621e+02 4.727752662058658757e+02 9.985121743352905810e+01
2.400000000000000000e+01 5.057428922428922533e+02 4.554745524745524676e+02 1.042466136941526855e+02
2.500000000000000000e+01 4.935567522783761660e+02 4.522487158243579302e+02 1.001270915583908589e+02
2.600000000000000000e+01 4.919167747914735855e+02 4.594098239110287523e+02 9.807649651151368175e+01
2.700000000000000000e+01 4.997525053686471210e+02 4.655651395848246352e+02 9.253216469940471711e+01
2.800000000000000000e+01 5.131383734701934145e+02 4.726758784050533109e+02 9.262445750884288032e+01
2.900000000000000000e+01 5.098470324291250222e+02 4.822590250866816177e+02 9.807507968304778956e+01
3.000000000000000000e+01 5.122173541354990220e+02 4.938495405001068548e+02 1.081695612995681444e+02
3.100000000000000000e+01 5.112358510414475177e+02 5.049913738691352592e+02 1.003287749751282689e+02
3.200000000000000000e+01 5.028658812868146697e+02 5.098495695514272938e+02 9.714770064132594030e+01
3.300000000000000000e+01 4.882327179046801007e+02 5.151597252039501882e+02 9.518127706713352154e+01
3.400000000000000000e+01 4.822000841573743060e+02 5.010997264885335767e+02 9.192858653329452068e+01
3.500000000000000000e+01 4.813574742787976675e+02 4.955864434133548571e+02 9.987054235304894689e+01
3.600000000000000000e+01 4.806136363636363740e+02 5.049840696686491128e+02 1.081227570325114868e+02
3.700000000000000000e+01 4.686992419586150618e+02 4.991012087686949599e+02 1.056297885109564731e+02
3.800000000000000000e+01 4.746192689626029733e+02 4.976116627931544372e+02 9.887659724609935097e+01
3.900000000000000000e+01 4.712244940978077352e+02 4.988661467116357358e+02 1.014858706355142743e+02
4.000000000000000000e+01 4.703599580712788111e+02 4.963234800838574188e+02 1.041541178073679106e+02
4.100000000000000000e+01 4.775589345637583847e+02 4.831816275167785193e+02 9.769744479447963670e+01
4.200000000000000000e+01 4.765256894597657720e+02 4.553451076690593027e+02 9.475028968830929443e+01
4.300000000000000000e+01 4.890412772585669927e+02 4.492790109034268085e+02 9.628089626964879244e+01
4.400000000000000000e+01 4.989053045186640247e+02 4.407611001964636444e+02 9.555956582031734570e+01
4.500000000000000000e+01 5.168255977496484093e+02 4.321682489451476954e+02 9.872697525618890779e+01
4.600000000000000000e+01 5.115066367867609074e+02 4.262951215307705297e+02 9.834944746142062399e+01
4.700000000000000000e+01 5.068956970740103429e+02 4.259829604130808889e+02 9.104533880806876311e+01
4.800000000000000000e+01 4.977649842271293323e+02 4.310592358920434890e+02 9.712532133555627922e+01
4.900000000000000000e+01 4.913636363636363740e+02 4.257799999999999727e+02 9.731437016865656631e+01
5.000000000000000000e+01 5.067767134599504288e+02 4.243608587943847965e+02 1.022775910859131585e+02
5.100000000000000000e+01 5.030641025641025408e+02 4.183961851156973353e+02 1.040969533713570883e+02
5.200000000000000000e+01 5.102435192458758593e+02 3.991256873527101448e+02 1.008537241923669683e+02
5.300000000000000000e+01 5.201404593639575751e+02 3.801107184923439490e+02 1.062342475965535868e+02
5.400000000000000000e+01 5.296760914151772113e+02 3.622308819220626788e+02 1.061145049380588148e+02
5.500000000000000000e+01 5.374090651558074114e+02 3.680624645892351054e+02 1.019739218961211975e+02
5.600000000000000000e+01 5.375452802359882298e+02 3.650575221238938184e+02 1.049616313275236337e+02
5.700000000000000000e+01 5.386443667103920916e+02 3.479953359568576161e+02 1.074063168904022945e+02
5.800000000000000000e+01 5.326752222540866342e+02 3.558342414683108927e+02 9.781856676934958728e+01
5.900000000000000000e+01 5.208378592980784560e+02 3.836989042401143593e+02 9.390931919328080824e+01
6.000000000000000000e+01 5.188280514590524035e+02 3.976300596171948314e+02 1.004014480606058441e+02
6.100000000000000000e+01 5.027026622296173173e+02 4.176655574043261367e+02 9.552166903834640266e+01
6.200000000000000000e+01 5.079331523583305170e+02 4.165792331184255204e+02 9.717574583496696050e+01
6.300000000000000000e+01 5.067522214627477979e+02 4.198882433356117758e+02 9.666927647602892648e+01
6.400000000000000000e+01 5.044090197306608161e+02 3.979989038521766247e+02 9.410848155270120685e+01
6.500000000000000000e+01 5.003947061761278405e+02 4.128070584318295460e+02 9.316982363773699660e+01
6.600000000000000000e+01 5.058948764715635775e+02 4.294644337589122642e+02 9.763665556619395147e+01
6.700000000000000000e+01 5.193724209078404783e+02 4.351695323246217413e+02 9.606099601219965223e+01
6.800000000000000000e+01 5.322690582959641006e+02 4.355960388639761049e+02 1.117723496442973072e+02
6.900000000000000000e+01 5.182079661614380939e+02 4.434663376806485644e+02 1.118973346983223962e+02
7.000000000000000000e+01 5.173035113933507319e+02 4.638098617855808925e+02 9.766912979771714731e+01
7.100000000000000000e+01 5.070503648336002698e+02 4.642189001601708469e+02 9.856380443669779368e+01
7.200000000000000000e+01 4.981489283074648711e+02 4.631047671840354951e+02 9.052052761845519058e+01
7.300000000000000000e+01 4.920018308311973669e+02 4.509943244232881625e+02 9.456348169294403760e+01
7.400000000000000000e+01 4.922275641025640880e+02 4.450341880341880483e+02 9.229742448803794730e+01
7.500000000000000000e+01 4.882880665722379376e+02 4.533294971671388112e+02 9.490578498878572589e+01
7.600000000000000000e+01 4.951398514851485402e+02 4.478021570014144004e+02 9.596788270280666211e+01
7.700000000000000000e+01 4.929467725582967432e+02 4.390858398107468474e+02 8.778490201097632450e+01
7.800000000000000000e+01 4.783879725085910763e+02 4.280247422680412228e+02 9.169351533880197280e+01
7.900000000000000000e+01 4.882575757575757507e+02 4.204198903932946223e+02 8.460703678579346843e+01
8.000000000000000000e+01 4.952604380022057740e+02 4.208485898849850173e+02 8.316433490447856514e+01
8.100000000000000000e+01 4.938176282051281873e+02 4.218834935897435798e+02 8.412351149361023772e+01
8.200000000000000000e+01 4.971454336776520790e+02 4.239535989506476312e+02 8.819016838128661107e+01
8.300000000000000000e+01 5.114298126064736039e+02 4.233388415672912970e+02 9.066790369791205251e+01
8.400000000000000000e+01 5.103382535736482168e+02 4.222509322560596843e+02 8.603666667286599079e+01
8.500000000000000000e+01 5.070915716096324672e+02 4.151497148288973449e+02 7.770519932663249563e+01
8.600000000000000000e+01 5.213103277060575920e+02 4.184485269778219276e+02 7.909355685571104289e+01
8.700000000000000000e+01 5.398578722002635004e+02 4.083899868247694371e+02 7.782986120343069558e+01
8.800000000000000000e+01 5.366271157752200907e+02 4.100179417738659708e+02 8.946210057773497226e+01
8.900000000000000000e+01 5.272876248216832664e+02 4.113685805991440816e+02 9.393612404358835022e+01
9.000000000000000000e+01 5.343581284694686246e+02 4.072439333862014337e+02 9.943227438289873987e+01
9.100000000000000000e+01 5.241466644865924991e+02 3.948502289077828777e+02 9.828390678456798923e+01
9.200000000000000000e+01 5.225728264356753243e+02 3.984929419313442622e+02 1.014513603121339003e+02
9.300000000000000000e+01 5.109694596711041754e+02 3.971642913077525350e+02 1.030111760007514761e+02
9.400000000000000000e+01 5.171113610798649916e+02 3.980200867748674227e+02 9.741657519930453191e+01
9.500000000000000000e+01 5.253486093552464808e+02 3.978591972187105057e+02 9.850722610816586666e+01
9.600000000000000000e+01 5.209871265098537378e+02 4.085653210425937800e+02 9.519172117909846520e+01
9.700000000000000000e+01 5.089505992873340006e+02 4.116924198250728750e+02 8.395646020745125782e+01
9.800000000000000000e+01 4.829519136408243298e+02 4.233303892705266662e+02 7.729021695919605861e+01
9.900000000000000000e+01 4.762094129222696210e+02 4.244601508691374079e+02 8.380515752078866853e+01
1.000000000000000000e+02 4.664714847590954037e+02 4.286340544083906821e+02 7.885506536862884275e+01
1.010000000000000000e+02 4.704378535916338251e+02 4.544767701011486452e+02 6.955811744948253761e+01
1.020000000000000000e+02 4.525063126624582424e+02 4.747109171927218654e+02 7.498044451508928887e+01
1.030000000000000000e+02 4.529259111730730751e+02 5.082897829117705442e+02 7.418307905612513764e+01
1.040000000000000000e+02 4.490569633961446812e+02 5.239120641108945620e+02 7.464511999496970418e+01
1.050000000000000000e+02 4.458040473840079017e+02 5.483524185587364173e+02 7.408866043541196689e+01
1.060000000000000000e+02 4.572392369167311017e+02 5.558334622325342025e+02 7.112170616697075332e+01
1.070000000000000000e+02 4.656115404430705667e+02 5.592336424523441565e+02 6.657272868336757199e+01
1.080000000000000000e+02 4.575531514581373358e+02 5.680900752587017450e+02 6.369872920099599156e+01
1.090000000000000000e+02 4.500270885499658675e+02 5.769622126109719602e+02 5.905117347648297965e+01
1.100000000000000000e+02 4.477587420793241222e+02 5.726296643980285808e+02 6.113853597678060225e+01
1.110000000000000000e+02 4.505719127303537448e+02 5.583645414107180613e+02 6.206408577798384840e+01
1.120000000000000000e+02 4.630987546427791131e+02 5.412149879833951900e+02 6.335859466015283914e+01
1.130000000000000000e+02 4.569661158753398809e+02 5.367669943526458383e+02 6.180269484278753112e+01
1.140000000000000000e+02 4.575016530747190018e+02 5.401891117478510296e+02 6.369441589153812089e+01
1.150000000000000000e+02 4.538802507836990685e+02 5.248185997910136393e+02 6.188881547874463962e+01
1.160000000000000000e+02 4.579058550968828740e+02 5.199010109519797425e+02 6.387069391967575172e+01
1.170000000000000000e+02 4.595978343465045555e+02 5.118047112462006112e+02 6.337996765431349644e+01
1.180000000000000000e+02 4.694321192052980223e+02 5.008366445916115026e+02 6.092025585978849733e+01
1.190000000000000000e+02 4.736922929079377127e+02 4.931383817028637395e+02 6.196911174387386012e+01
1.200000000000000000e+02 4.772879533442682600e+02 4.799334791324949947e+02 6.162791538818875381e+01
1.210000000000000000e+02 4.764208760484622758e+02 4.965306616961789246e+02 6.698679936730096074e+01
1.220000000000000000e+02 4.726745044694908415e+02 5.017355227361057359e+02 6.622403184924964137e+01
1.230000000000000000e+02 4.743566812591203075e+02 5.095682718365645201e+02 6.567258159685687247e+01
1.240000000000000000e+02 4.800281117070464347e+02 5.172015905307933963e+02 5.978363985329097829e+01
1.250000000000000000e+02 4.699600586295346147e+02 5.115692561377794050e+02 5.921312472420673600e+01
1.260000000000000000e+02 4.655405878917655969e+02 5.176194276815261901e+02 6.224251421599198153e+01
1.270000000000000000e+02 4.695556876734046909e+02 5.211950059453032509e+02 6.198547700130402660e+01
1.280000000000000000e+02 4.712353065093743680e+02 5.237564777754371335e+02 6.521037668576170176e+01
1.290000000000000000e+02 4.725211495648654250e+02 5.253377858733050516e+02 6.323009877154522940e+01
1.300000000000000000e+02 4.749061474513235339e+02 5.306582804637935169e+02 6.457191712463681199e+01
1.310000000000000000e+02 4.734657130837189811e+02 5.371684896928901480e+02 6.586683406559878051e+01
1.320000000000000000e+02 4.786231950492780243e+02 5.366484070593628530e+02 6.470582807813465820e+01
1.330000000000000000e+02 4.702896013499261585e+02 5.368846234971524609e+02 6.188125960513725232e+01
1.340000000000000000e+02 4.718660975061783915e+02 5.386910806560323408e+02 6.658644575651094044e+01
1.350000000000000000e+02 4.768015419049987713e+02 5.500236259636906198e+02 6.720621290080219978e+01
1.360000000000000000e+02 4.723832442067736110e+02 5.577853323147440960e+02 6.680158537535309904e+01
1.370000000000000000e+02 4.645974304068522542e+02 5.611546514394480027e+02 6.326662463889132226e+01
1.380000000000000000e+02 4.613760770400405704e+02 5.578180435884439703e+02 6.327499988128770525e+01
1.390000000000000000e+02 4.592961783439490659e+02 5.599434100930916429e+02 6.471463543298624188e+01
1.400000000000000000e+02 4.625828928399807864e+02 5.571917347429121037e+02 6.659859332436087698e+01
1.410000000000000000e+02 4.584244637151985557e+02 5.519755819260611815e+02 6.989392903216692332e+01
1.420000000000000000e+02 4.558449359720605116e+02 5.570402793946449265e+02 6.986352696677988661e+01
1.430000000000000000e+02 4.641257289479822816e+02 5.396029857709353337e+02 7.712520986793265365e+01
1.440000000000000000e+02 4.638294523501509161e+02 5.316058645968089422e+02 8.309299229242809304e+01
1.450000000000000000e+02 4.655909287257019287e+02 5.336438444924406213e+02 7.546519647322065794e+01
1.460000000000000000e+02 4.723019877675840803e+02 5.061074159021406444e+02 7.993166339200509185e+01
1.470000000000000000e+02 4.784814597970335512e+02 4.939201795472287131e+02 8.351045220136559522e+01
1.480000000000000000e+02 4.809571127704384708e+02 4.834417001723147678e+02 8.838352667152970810e+01
1.490000000000000000e+02 4.832853185595567993e+02 4.957497032053818771e+02 8.963732817599512259e+01
1.500000000000000000e+02 4.949592897358163555e+02 5.071600259852750128e+02 9.538937673258809014e+01
1.510000000000000000e+02 4.990944567627494735e+02 4.928776053215077582e+02 9.378174194294373933e+01
1.520000000000000000e+02 5.053234126984127101e+02 4.988683035714285552e+02 9.467264943137786304e+01
1.530000000000000000e+02 5.252768052516411217e+02 4.971477024070022139e+02 9.358697804719943747e+01
1.540000000000000000e+02 5.313201702530149078e+02 4.889886497990068506e+02 1.011227676014394774e+02
1.550000000000000000e+02 5.457324134811128715e+02 4.796362813843022082e+02 1.005691759251297412e+02
1.560000000000000000e+02 5.370722998447549799e+02 4.824821468174761776e+02 9.667855049244553811e+01
1.570000000000000000e+02 5.314964114832536097e+02 4.767744019138755789e+02 9.556628152437667723e+01
1.580000000000000000e+02 5.204902880107166538e+02 4.872190221031480064e+02 9.093138845964693928e+01
1.590000000000000000e+02 5.197378729218856961e+02 4.889687998178091561e+02 9.419593927274364376e+01
1.600000000000000000e+02 5.165307156428118560e+02 5.017114207304201159e+02 9.687304913615837165e+01
1.610000000000000000e+02 5.213530052264808319e+02 4.960646777003484544e+02 9.406617482345606618e+01
1.620000000000000000e+02 5.170656807307525469e+02 4.978073075250108559e+02 9.549790475565409054e+01
1.630000000000000000e+02 5.073888768664791087e+02 5.113655053018827061e+02 9.936539587712515242e+01
1.640000000000000000e+02 5.000410135280223471e+02 5.065604466394674432e+02 9.762242980970759731e+01
1.650000000000000000e+02 4.903906181499342551e+02 5.207437527400262525e+02 9.867021065285290149e+01
1.660000000000000000e+02 4.815510026155187688e+02 5.153923278116826623e+02 9.949977204580940793e+01
1.670000000000000000e+02 4.779695041684949501e+02 5.200559455901711772e+02 9.953439818858122123e+01
1.680000000000000000e+02 4.914188817598533205e+02 5.146303849679193263e+02 9.191936586019950539e+01
1.690000000000000000e+02 5.020953184310417328e+02 4.948654576128216149e+02 9.409604679453303788e+01
1.700000000000000000e+02 5.044961631663974231e+02 4.817275848142164705e+02 9.504734752325542502e+01
1.710000000000000000e+02 4.967583191126279871e+02 4.915405290102389131e+02 9.452183356837110750e+01
1.720000000000000000e+02 4.978226046314000541e+02 5.047648183556405570e+02 9.295673535649950736e+01
1.730000000000000000e+02 4.982391143911439144e+02 5.255749077490775107e+02 8.631068201910613880e+01
1.740000000000000000e+02 4.836868594853108902e+02 5.415263038032338727e+02 9.081082810161855434e+01
1.750000000000000000e+02 4.711549227799227992e+02 5.329247104247103834e+02 8.154408324261972041e+01
1.760000000000000000e+02 4.630735294117646959e+02 5.310650951557092867e+02 8.172298767285613508e+01
1.770000000000000000e+02 4.623063424947146132e+02 5.312794926004228273e+02 8.204779922338649101e+01
1.780000000000000000e+02 4.581367023754075376e+02 5.461958546809502195e+02 7.535541472665217100e+01
1.790000000000000000e+02 4.524771746536452497e+02 5.364508289802407717e+02 7.198050396031453602e+01
1.800000000000000000e+02 4.566585967271911954e+02 5.231026675633265768e+02 7.740851673083778905e+01
1.810000000000000000e+02 4.581405496119152758e+02 5.223045940843297785e+02 7.503856998748469209e+01
1.820000000000000000e+02 4.559987344975955352e+02 5.447357630979498708e+02 7.816649081346371020e+01
1.830000000000000000e+02 4.424137055837563253e+02 5.595845177664974699e+02 7.248565850710531322e+01
1.840000000000000000e+02 4.317826636340662390e+02 5.681013393985342645e+02 6.848730802515414950e+01
1.850000000000000000e+02 4.231934552454283107e+02 5.708380654475457732e+02 7.125775793171220585e+01
1.860000000000000000e+02 4.065020549426778871e+02 5.629664719878866208e+02 7.199967783839912272e+01
1.870000000000000000e+02 4.069398408239700302e+02 5.693026685393258504e+02 7.435865797655667109e+01
1.880000000000000000e+02 3.950322822822822673e+02 5.761016016016016010e+02 7.167842906710052375e+01
1.890000000000000000e+02 3.872499383781118922e+02 5.674991372935667187e+02 6.948730661064121250e+01
1.900000000000000000e+02 4.043400547672392236e+02 5.634157331341797317e+02 7.266800936092464269e+01
1.910000000000000000e+02 4.079465703971119410e+02 5.643614921780987288e+02 7.378248054239139719e+01
1.920000000000000000e+02 3.972030651340996315e+02 5.728318965517241850e+02 7.516519449609903347e+01
1.930000000000000000e+02 3.835601158860453666e+02 5.693609367455335359e+02 7.137580835971560589e+01
1.940000000000000000e+02 4.032074074074074019e+02 5.575569892473117761e+02 7.414380845198476777e+01
1.950000000000000000e+02 4.092179050215859775e+02 5.332090433992274257e+02 7.454580140705685665e+01
1.960000000000000000e+02 4.068678257226644064e+02 5.213443653121072430e+02 7.578248073640955340e+01
1.970000000000000000e+02 4.105800086730268958e+02 5.296810494362532609e+02 7.765479086258373798e+01
1.980000000000000000e+02 4.122264860797592405e+02 5.574213694507147920e+02 7.977546647947130509e+01
1.990000000000000000e+02 4.084976883957466498e+02 5.519983818770226662e+02 7.380007364798343872e+01
2.000000000000000000e+02 4.073148608349900428e+02 5.577050198807156676e+02 7.326956501532481525e+01
2.010000000000000000e+02 4.007203389830508513e+02 5.456192959582790536e+02 7.416034415739494534e+01
2.020000000000000000e+02 3.855298409728718525e+02 5.271040224508886922e+02 6.879991686134235351e+01
2.030000000000000000e+02 3.857688603531300373e+02 5.340256821829855198e+02 7.484014590959010604e+01
2.040000000000000000e+02 4.058963430676137705e+02 5.531775848460931684e+02 7.376940309356038483e+01
2.050000000000000000e+02 4.165583756345177449e+02 5.734664078829500795e+02 7.268787666241695433e+01
2.060000000000000000e+02 4.235192307692307736e+02 5.845277777777778283e+02 7.131587685801815724e+01
2.070000000000000000e+02 4.250300751879699419e+02 5.804714564188248005e+02 6.715458373370654499e+01
2.080000000000000000e+02 4.188362023995827030e+02 5.779126238914971054e+02 6.946399010841216182e+01
2.090000000000000000e+02 4.248617295523787334e+02 5.649128193109913809e+02 7.064893880522932079e+01
2.100000000000000000e+02 4.112830681548325629e+02 5.591469959629541790e+02 7.437673041437967925e+01
2.110000000000000000e+02 4.155962028247279250e+02 5.572231998147719878e+02 7.714457311850114252e+01
2.120000000000000000e+02 4.275899297990801529e+02 5.454851125635439075e+02 7.633569615682341691e+01
2.130000000000000000e+02 4.477291509196271022e+02 5.403751574703956067e+02 7.239194470235732126e+01
2.140000000000000000e+02 4.569783383602961067e+02 5.335988483685221127e+02 7.529324338219954882e+01
2.150000000000000000e+02 4.689675644367217160e+02 5.320225890529974322e+02 7.263749976973184630e+01
2.160000000000000000e+02 4.711335487345180582e+02 5.211087775982767880e+02 7.082413506815589699e+01
2.170000000000000000e+02 4.830138818778394807e+02 5.156771832407874854e+02 7.176159129594338992e+01
2.180000000000000000e+02 4.904955465587044614e+02 5.384755735492577742e+02 7.707158145688786988e+01
2.190000000000000000e+02 4.889367578017122469e+02 5.618558409279204398e+02 7.323401536883335439e+01
2.200000000000000000e+02 4.783880597014925229e+02 5.674006888633754215e+02 7.698569204749452410e+01
2.210000000000000000e+02 4.762944444444444230e+02 5.574561403508771491e+02 7.254842890576647108e+01
2.220000000000000000e+02 4.699875430691757288e+02 5.401645905115292408e+02 6.994718238286306189e+01
2.230000000000000000e+02 4.808456805316268969e+02 5.329219788333743963e+02 7.355466390432455626e+01
2.240000000000000000e+02 4.792639704283540141e+02 5.147953903022396389e+02 7.646843540878165868e+01
2.250000000000000000e+02 4.687354395013969679e+02 5.113988824414356600e+02 7.807584056210225754e+01
2.260000000000000000e+02 4.669208437761069490e+02 5.235676691729323693e+02 7.797701725725447375e+01
2.270000000000000000e+02 4.584970351545954941e+02 5.113917831427361307e+02 7.694500098480671113e+01
2.280000000000000000e+02 4.501955170883266533e+02 5.222627607634265132e+02 7.598481644632694554e+01
2.290000000000000000e+02 4.508465462274176616e+02 5.190514346439957762e+02 7.685779789022045350e+01
2.300000000000000000e+02 4.594593598894772981e+02 5.154711029242458835e+02 8.492431474938256031e+01
2.310000000000000000e+02 4.643734553775743734e+02 5.192748283752860061e+02 8.975068627561549306e+01
2.320000000000000000e+02 4.717304757630161589e+02 5.006059245960502722e+02 8.047139966221298835e+01
2.330000000000000000e+02 4.876169959533444285e+02 4.961011663889549936e+02 7.587568095217093855e+01
2.340000000000000000e+02 5.031853426713356612e+02 5.098504252126062966e+02 7.315451691804257450e+01
2.350000000000000000e+02 5.124872143634385111e+02 5.074643634385201381e+02 7.844417269141032989e+01
2.360000000000000000e+02 5.124710166919575158e+02 5.098977238239756957e+02 7.530283930229444422e+01
2.370000000000000000e+02 5.204551341350601206e+02 5.037079864323157494e+02 7.307030454613990855e+01
2.380000000000000000e+02 5.188462374354794520e+02 5.141803857647378209e+02 7.031275881148312124e+01
2.390000000000000000e+02 5.249053203661327416e+02 5.179476544622425536e+02 6.712128499835652917e+01
2.400000000000000000e+02 5.233863399374348546e+02 5.285239833159540694e+02 6.967737404676708479e+01
2.410000000000000000e+02 5.333375890736341489e+02 5.342505938242280763e+02 7.808992711075224236e+01
2.420000000000000000e+02 5.431115466856736020e+02 5.483089807555238622e+02 8.188480687176561901e+01
2.430000000000000000e+02 5.398101018010962662e+02 5.687333594361784890e+02 8.193592029215743366e+01
2.440000000000000000e+02 5.351515812431842960e+02 5.729989094874590592e+02 8.681004718361292305e+01
2.450000000000000000e+02 5.035525846702317381e+02 5.754420677361854359e+02 7.510075307356679275e+01
2.460000000000000000e+02 4.951606799230276010e+02 5.756090442591404326e+02 6.920131948485274620e+01
2.470000000000000000e+02 4.807277147487844218e+02 5.653033495407887585e+02 7.287428373848862861e+01
2.480000000000000000e+02 4.724784459819052813e+02 5.649552953698776037e+02 7.756555407707283223e+01
2.490000000000000000e+02 4.590494679321253670e+02 5.593517400057520490e+02 7.783095313489914702e+01
2.500000000000000000e+02 4.683109496366825510e+02 5.485244299674267268e+02 7.832021607764673377e+01
2.510000000000000000e+02 4.721985009671179796e+02 5.455967117988394648e+02 8.386903380987381240e+01
2.520000000000000000e+02 4.649377368706009861e+02 5.503370330265295252e+02 8.088765641160814823e+01
2.530000000000000000e+02 4.752733564013840919e+02 5.606043829296424974e+02 8.313425598927391036e+01
2.540000000000000000e+02 4.691886947023484709e+02 5.533752048061169262e+02 8.777273960483482540e+01
2.550000000000000000e+02 4.650168522419500619e+02 5.615591333132711043e+02 9.235783649944588092e+01
2.560000000000000000e+02 4.603695652173913118e+02 5.762035573122529968e+02 8.807786700001560121e+01
2.570000000000000000e+02 4.674576771653543119e+02 5.734406167979002475e+02 8.764647244032056506e+01
2.580000000000000000e+02 4.706532075471698136e+02 5.881358490566037744e+02 9.087231222481952386e+01
2.590000000000000000e+02 4.758340217799474203e+02 5.996657904618850807e+02 9.191433666160084215e+01
2.600000000000000000e+02 4.597996015936254821e+02 6.082227091633466216e+02 9.136798480584862148e+01
2.610000000000000000e+02 4.539241706161137699e+02 6.098513879485443567e+02 8.272784293365070596e+01
2.620000000000000000e+02 4.419285714285714448e+02 6.055677339901477580e+02 8.451293221965863722e+01
2.630000000000000000e+02 4.388881789137380451e+02 5.746425275115370823e+02 8.368445050605585323e+01
2.640000000000000000e+02 4.339697923222152554e+02 5.623662680931403202e+02 7.624593534751727475e+01
2.650000000000000000e+02 4.470448610646133147e+02 5.593451623702711686e+02 7.529077463607897869e+01
2.660000000000000000e+02 4.603711764705882388e+02 5.642429411764705947e+02 8.040565334580273316e+01
2.670000000000000000e+02 4.791756081306231181e+02 5.812975674775075277e+02 8.689688268006364069e+01
2.680000000000000000e+02 4.828887032085561373e+02 5.913866978609626130e+02 8.995850485921339157e+01
2.690000000000000000e+02 4.919904586026469815e+02 5.800710987996307040e+02 9.019164179703300022e+01
2.700000000000000000e+02 5.158379182156133993e+02 5.674940520446097025e+02 9.872919994045730618e+01
2.710000000000000000e+02 5.210137835975189091e+02 5.771940041350792399e+02 1.001650588576883933e+02
2.720000000000000000e+02 5.330879296562749232e+02 5.655959232613909080e+02 1.051673386478071137e+02
2.730000000000000000e+02 5.201459662288930303e+02 5.734067542213883826e+02 9.505887046782905259e+01
2.740000000000000000e+02 5.077374641833810642e+02 5.619294412607449658e+02 9.798053952220615770e+01
2.750000000000000000e+02 5.144651243093923085e+02 5.669703038674033451e+02 1.025018156483980363e+02
2.760000000000000000e+02 5.177127361791463045e+02 5.561724982505248818e+02 8.978403275865051114e+01
2.770000000000000000e+02 5.105785813630041616e+02 5.403998609179416235e+02 8.830847714179559205e+01
2.780000000000000000e+02 5.327360045467462442e+02 5.158297811878373977e+02 8.537888874046235799e+01
2.790000000000000000e+02 5.374625779625779387e+02 4.959321725571725779e+02 8.551264010993774889e+01
2.800000000000000000e+02 5.273027946537059734e+02 4.872119076549210490e+02 8.531528537396688705e+01
2.810000000000000000e+02 5.223789731051344916e+02 4.923700822404978794e+02 8.543559094965600309e+01
2.820000000000000000e+02 5.280387697639159796e+02 4.978624648039852900e+02 8.526358845367701633e+01
2.830000000000000000e+02 5.224661209640745483e+02 5.073665302410186655e+02 9.038681163440875821e+01
2.840000000000000000e+02 5.262120622568093040e+02 5.195917176209004538e+02 9.502831038583644840e+01
2.850000000000000000e+02 5.174481514878268626e+02 5.303805229936880323e+02 8.883265095092531283e+01
2.860000000000000000e+02 5.094714890843923172e+02 5.532906484196806787e+02 9.248009216945951039e+01
2.870000000000000000e+02 4.902031896042528274e+02 5.581760189013585887e+02 9.014592963160131944e+01
2.880000000000000000e+02 4.785801056338028161e+02 5.538732394366197695e+02 8.455111965016094189e+01
2.890000000000000000e+02 4.715097451274363038e+02 5.452351324337830647e+02 7.984285518640851365e+01
2.900000000000000000e+02 4.828341279799247445e+02 5.397764115432872813e+02 7.796346849257460576e+01
2.910000000000000000e+02 5.092227438706311773e+02 5.277193531559728399e+02 8.005648403846836914e+01
2.920000000000000000e+02 5.183315447613668994e+02 5.354967523298503238e+02 8.445129970446909340e+01
2.930000000000000000e+02 5.122032070776887167e+02 5.498606580038706397e+02 9.842061229279939027e+01
2.940000000000000000e+02 5.015283551449833226e+02 5.381906594816525740e+02 9.037088700207668523e+01
2.950000000000000000e+02 5.053898809523809632e+02 5.421145833333333712e+02 8.797228348247952567e+01
2.960000000000000000e+02 5.212299270072992385e+02 5.450839416058394136e+02 8.942818995114311065e+01
2.970000000000000000e+02 5.327079048843187365e+02 5.330054627249356827e+02 9.875778969743788593e+01
2.980000000000000000e+02 5.508812936420433743e+02 5.353013597941933313e+02 9.903584363845311600e+01
2.990000000000000000e+02 5.659366804046459265e+02 5.491775946047208663e+02 9.189139116577010213e+01
3.000000000000000000e+02 5.715638376383764125e+02 5.526940959409594143e+02 8.327875180647305342e+01
3.010000000000000000e+02 5.741380518570427967e+02 5.493083391730904168e+02 8.252317902727722299e+01
3.020000000000000000e+02 5.670414703110272967e+02 5.456839459629280782e+02 7.298830934143344962e+01
3.030000000000000000e+02 5.457899490504863707e+02 5.330222325150532470e+02 6.577806726968276507e+01
3.040000000000000000e+02 5.470772821576763363e+02 5.221343360995850844e+02 6.800869746942608174e+01
3.050000000000000000e+02 5.484474101479914907e+02 5.225806025369978443e+02 7.179753169736741825e+01
3.060000000000000000e+02 5.484619671217609493e+02 5.216447478406241771e+02 6.771231762543735044e+01
3.070000000000000000e+02 5.454930355427474069e+02 5.321724303554274229e+02 7.317494629241667781e+01
3.080000000000000000e+02 5.323489950404593856e+02 5.363051422605063863e+02 6.773812697112956016e+01
3.090000000000000000e+02 5.345259259259258897e+02 5.278260536398466911e+02 6.630497798048735092e+01
3.100000000000000000e+02 5.203827188940092583e+02 5.241907834101382377e+02 5.816674215490792932e+01
3.110000000000000000e+02 5.133302906557770484e+02 5.320972856113379521e+02 5.627376045462033005e+01
3.120000000000000000e+02 5.030510322430990300e+02 5.258392484342380158e+02 5.915093270379543355e+01
3.130000000000000000e+02 4.933433349729463657e+02 5.353362026561731000e+02 6.550018326470153340e+01
3.140000000000000000e+02 4.846731098605333727e+02 5.439009053095179524e+02 5.919079173846952102e+01
3.150000000000000000e+02 4.673869369369369338e+02 5.396720720720720692e+02 5.544063820612583982e+01
3.160000000000000000e+02 4.580987171124157271e+02 5.387175472928897761e+02 5.981163676994187028e+01
3.170000000000000000e+02 4.484583426903211034e+02 5.401738154053447261e+02 5.984299577352084043e+01
3.180000000000000000e+02 4.525258601553829294e+02 5.356341842397335995e+02 5.467214029161804945e+01
3.190000000000000000e+02 4.612850529100529116e+02 5.419805996472663310e+02 5.415956143744313067e+01
3.200000000000000000e+02 4.656037077426390169e+02 5.354226826608505689e+02 5.209033713763697904e+01
3.210000000000000000e+02 4.484729930099555304e+02 5.355517898750264294e+02 5.393245478261000869e+01
3.220000000000000000e+02 4.516935264825713148e+02 5.444384336803983615e+02 5.587275928935551406e+01
3.230000000000000000e+02 4.573203600097299955e+02 5.537492094380929757e+02 5.926817440580320806e+01
3.240000000000000000e+02 4.630752517223105542e+02 5.686104928457870074e+02 5.868644292508537319e+01
3.250000000000000000e+02 4.601959369152633030e+02 5.754434643143544008e+02 5.193947774111911286e+01
3.260000000000000000e+02 4.553799951562121464e+02 5.669680310002421493e+02 5.304618679571130713e+01
3.270000000000000000e+02 4.568222222222221944e+02 5.563997385620915566e+02 5.194701400729809393e+01
3.280000000000000000e+02 4.633820338127680998e+02 5.625881907645723459e+02 5.005364653751070136e+01
3.290000000000000000e+02 4.712613784135240849e+02 5.640124837451235180e+02 5.324286850778691615e+01
3.300000000000000000e+02 4.752195860676425809e+02 5.671693589096415735e+02 5.554053215297485480e+01
3.310000000000000000e+02 4.825874384236453238e+02 5.692866379310345337e+02 5.502766128072720875e+01
3.320000000000000000e+02 4.906430114162295695e+02 5.758219685282319915e+02 5.197587506748653396e+01
3.330000000000000000e+02 4.920057142857143049e+02 5.719016541353383900e+02 5.049829218382494389e+01
3.340000000000000000e+02 4.994326833797586005e+02 5.746171463943052231e+02 5.000895159338134732e+01
3.350000000000000000e+02 5.061267050621400472e+02 5.688642012731130535e+02 5.281911975580077723e+01
3.360000000000000000e+02 5.199667260843731356e+02 5.692427213309566696e+02 4.642582034184178497e+01
3.370000000000000000e+02 5.263969849246230979e+02 5.743310999441653166e+02 4.648008525991188122e+01
3.380000000000000000e+02 5.281736508893578730e+02 5.546487790171842107e+02 4.846324486968438805e+01
3.390000000000000000e+02 5.226250358063591648e+02 5.650853623603552478e+02 4.685096691117406920e+01
3.400000000000000000e+02 5.282854030501089255e+02 5.615906862745098351e+02 4.683510887672962042e+01
3.410000000000000000e+02 5.190366290278160477e+02 5.583500413109336478e+02 4.622123652711591291e+01
3.420000000000000000e+02 5.162483188044832332e+02 5.501845579078456012e+02 4.674709697566106570e+01
3.430000000000000000e+02 5.208292117465224464e+02 5.402694487377640371e+02 4.581291032221939474e+01
3.440000000000000000e+02 5.296369016984045857e+02 5.319989706639217957e+02 4.682256084255359951e+01
3.450000000000000000e+02 5.248757505773671710e+02 5.271339491916859288e+02 4.830199328216068011e+01
3.460000000000000000e+02 5.345186432523454414e+02 5.310240558094779999e+02 4.566378736945216588e+01
3.470000000000000000e+02 5.427076303198186906e+02 5.369360362629061001e+02 4.565610923252606312e+01
3.480000000000000000e+02 5.333464509898599317e+02 5.251516175760501710e+02 4.523920709696292164e+01
3.490000000000000000e+02 5.255075030750307405e+02 5.183040590405904595e+02 4.812605987825282483e+01
3.500000000000000000e+02 5.261469240048251095e+02 5.193710494571773779e+02 4.999115204998683737e+01
3.510000000000000000e+02 5.253346185623795463e+02 5.339829248141007838e+02 4.614533272440440470e+01
3.520000000000000000e+02 5.273338112305854111e+02 5.284172043010752304e+02 4.615321278803236282e+01
3.530000000000000000e+02 5.242474070872947323e+02 5.152268798617112679e+02 4.577245281022308632e+01
3.540000000000000000e+02 5.302703406378824411e+02 5.096029507485354770e+02 4.543594327746863826e+01
3.550000000000000000e+02 5.381157042869641600e+02 5.022696850393700743e+02 4.755325391325091289e+01
3.560000000000000000e+02 5.490402348847325129e+02 4.983266637668551766e+02 4.645962225549882874e+01
3.570000000000000000e+02 5.494732988802755926e+02 4.935801033591731084e+02 4.635995761228642209e+01
3.580000000000000000e+02 5.532330076465590309e+02 5.017625318606627047e+02 4.586707342114699060e+01
3.590000000000000000e+02 5.496565245339618286e+02 5.044746089565031184e+02 4.707166929869303829e+01
3.600000000000000000e+02 5.453210251954822070e+02 5.079700260642919147e+02 4.498924330448216580e+01
3.610000000000000000e+02 5.437191288267927121e+02 4.938035750975960809e+02 4.580859775514292664e+01
3.620000000000000000e+02 5.493161912414624339e+02 4.956139011651265491e+02 4.452484337971566930e+01
3.630000000000000000e+02 5.513409581355200544e+02 4.983634009495036707e+02 4.551694946494657756e+01
3.640000000000000000e+02 5.554418604651162923e+02 5.084465563506261105e+02 4.587072551700414635e+01
3.650000000000000000e+02 5.565849756549964695e+02 5.152172501738929213e+02 4.570604506806353129e+01
3.660000000000000000e+02 5.531189801699716782e+02 5.144270538243625879e+02 4.479946001848244208e+01
3.670000000000000000e+02 5.479726545131169360e+02 5.057503334815473295e+02 4.651446955939069028e+01
3.680000000000000000e+02 5.435250883392226342e+02 5.035535924617196883e+02 4.746346095914930885e+01
3.690000000000000000e+02 5.481241633971843612e+02 5.074710362335564469e+02 4.675961185164903355e+01
3.700000000000000000e+02 5.525856916459134709e+02 4.926379895856916278e+02 4.628578127132196585e+01
3.710000000000000000e+02 5.525371277029784096e+02 4.906842105263157805e+02 4.484997408663426910e+01
3.720000000000000000e+02 5.556155344006923542e+02 4.936761142362613555e+02 4.471709704823164344e+01
3.730000000000000000e+02 5.591799830004249543e+02 4.835424989375265454e+02 4.484863468216222770e+01
3.740000000000000000e+02 5.606967524251371060e+02 4.862806832560101498e+02 4.537168618569413070e+01
3.750000000000000000e+02 5.547288102261553604e+02 4.703803343166175068e+02 4.448272224930325081e+01
3.760000000000000000e+02 5.502072343632253251e+02 4.734532780708364612e+02 4.589698717392224836e+01
3.770000000000000000e+02 5.437555988315482409e+02 4.772837390457643778e+02 4.505418109808963578e+01
3.780000000000000000e+02 5.428663842895648486e+02 4.764195225259915105e+02 4.421057039093742702e+01
3.790000000000000000e+02 5.449631617919288828e+02 4.750333209922251285e+02 4.368839222092848473e+01
3.800000000000000000e+02 5.383921531819034954e+02 4.790752768913084196e+02 4.462226714719521681e+01
3.810000000000000000e+02 5.443937476026084141e+02 4.850003835826620389e+02 4.560642118306473947e+01
3.820000000000000000e+02 5.502737419228509452e+02 4.851366751517525131e+02 4.452967652202784876e+01
3.830000000000000000e+02 5.530720915173753838e+02 4.919898553852794976e+02 4.564421112477180031e+01
3.840000000000000000e+02 5.552618651124063263e+02 4.894639883430474470e+02 4.579814284835164528e+01
3.850000000000000000e+02 5.603602415026833796e+02 4.842681127012522211e+02 4.639467215757387208e+01
3.860000000000000000e+02 5.630395778364115813e+02 4.897489006156552591e+02 4.687491101250427050e+01
3.870000000000000000e+02 5.537381877684598521e+02 4.863691961546328457e+02 4.514539471753671762e+01
3.880000000000000000e+02 5.564872122762147910e+02 4.793895993179880861e+02 4.720755996733738158e+01
3.890000000000000000e+02 5.566608013567945363e+02 4.833824464702141199e+02 4.690348718575351228e+01
3.900000000000000000e+02 5.598666237113402531e+02 4.831018041237113607e+02 4.537549029907990672e+01
3.910000000000000000e+02 5.556628828442920849e+02 4.814095095309488102e+02 4.631061932513449619e+01
3.920000000000000000e+02 5.579483432805103575e+02 4.852953282568429927e+02 4.448852089102507534e+01
3.930000000000000000e+02 5.543568418718119801e+02 4.872980705256154579e+02 4.539035061254334380e+01
3.940000000000000000e+02 5.609157739970594321e+02 4.824830917874396050e+02 4.589559696856516524e+01
3.950000000000000000e+02 5.592680561287660339e+02 4.870592241023524593e+02 4.579025193713430042e+01
3.960000000000000000e+02 5.544635453895639330e+02 4.704726590421730066e+02 4.343900520266671350e+01
3.970000000000000000e+02 5.535608082348455810e+02 4.728515059092641764e+02 4.536698207271334837e+01
