0.000000000000000000e+00 3.228076923076923208e+02 6.828343195266272687e+02 3.318895258439744822e+01
1.000000000000000000e+00 3.227341040462427486e+02 6.830433526011560161e+02 3.345689519484316321e+01
2.000000000000000000e+00 3.482905660377358572e+02 6.624867924528301728e+02 3.047466192724575151e+01
3.000000000000000000e+00 3.738981233243968063e+02 6.249865951742627885e+02 3.454930275432752751e+01
4.000000000000000000e+00 4.047892473118279781e+02 6.022602150537634316e+02 3.352228789042773371e+01
5.000000000000000000e+00 4.115667870036101021e+02 5.791389891696751420e+02 3.436353554710975544e+01
6.000000000000000000e+00 4.223730650154798809e+02 5.534860681114550971e+02 3.267203730387134897e+01
7.000000000000000000e+00 3.797904191616766525e+02 5.306407185628742127e+02 3.491727673055318348e+01
8.000000000000000000e+00 3.736844207723036106e+02 5.171278295605858375e+02 3.678577158076978293e+01
9.000000000000000000e+00 3.841755813953488428e+02 5.040023255813953256e+02 3.468463372919006815e+01
1.000000000000000000e+01 3.914085213032581692e+02 4.989210526315789593e+02 4.405827265038881535e+01
1.100000000000000000e+01 3.881135265700482933e+02 4.807282608695651902e+02 4.041594108414986408e+01
1.200000000000000000e+01 3.923773809523809746e+02 4.827785714285714107e+02 4.652871853213486730e+01
1.300000000000000000e+01 3.936743185078909733e+02 4.794648493543758718e+02 3.513136771162002958e+01
1.400000000000000000e+01 3.950613668061366752e+02 4.826025104602510396e+02 3.786309138803169816e+01
1.500000000000000000e+01 3.989387417218542851e+02 4.940860927152318141e+02 4.296919150099521545e+01
1.600000000000000000e+01 4.111758865248227153e+02 4.981475177304964745e+02 4.323107708412815242e+01
1.700000000000000000e+01 4.106538461538461320e+02 4.930384615384615472e+02 4.672840945361095066e+01
1.800000000000000000e+01 4.197638121546961543e+02 4.939102209944751394e+02 4.477999899205035206e+01
1.900000000000000000e+01 4.212942176870748199e+02 5.014047619047619264e+02 4.615416651556242300e+01
2.000000000000000000e+01 4.276111111111110858e+02 4.902493224932249518e+02 4.423195073151408252e+01
2.100000000000000000e+01 4.295298295454545610e+02 4.963494318181818130e+02 4.709548770474847856e+01
2.200000000000000000e+01 4.316894308943089413e+02 5.156926829268293204e+02 5.018422319333709680e+01
2.300000000000000000e+01 4.386907051282051384e+02 5.153958333333333712e+02 4.672393238783212865e+01
2.400000000000000000e+01 4.501821428571428783e+02 5.208125000000000000e+02 4.366157868703189138e+01
2.500000000000000000e+01 4.506192592592592518e+02 5.150666666666667197e+02 4.471468645351869498e+01
2.600000000000000000e+01 4.463520942408376868e+02 4.954083769633508041e+02 5.020965042819227619e+01
2.700000000000000000e+01 4.440355097365406891e+02 4.948075601374570169e+02 4.971685659481354946e+01
2.800000000000000000e+01 4.519810606060606233e+02 4.930972222222222285e+02 4.863191772346733188e+01
2.900000000000000000e+01 4.601517615176151708e+02 4.975460704607045841e+02 5.592440620246274108e+01
3.000000000000000000e+01 4.637911111111110927e+02 5.042829629629629835e+02 5.076120567024972985e+01
3.100000000000000000e+01 4.890556274256144889e+02 4.990349288486416413e+02 5.924927786462608736e+01
3.200000000000000000e+01 4.930794520547945012e+02 5.099150684931506703e+02 5.166104128198443846e+01
3.300000000000000000e+01 5.103959311424100065e+02 5.023035993740219283e+02 5.274481530628307269e+01
3.400000000000000000e+01 5.132913165266106716e+02 4.965350140056022497e+02 5.925264039091062074e+01
3.500000000000000000e+01 5.200260416666666288e+02 4.918281250000000000e+02 5.587300508727482651e+01
3.600000000000000000e+01 5.236684491978609231e+02 4.918074866310160473e+02 5.429731875258719498e+01
3.700000000000000000e+01 5.402699680511182123e+02 4.823274760383386592e+02 5.474931605349132013e+01
3.800000000000000000e+01 5.463023255813953938e+02 4.548720930232557862e+02 6.052135242633999468e+01
3.900000000000000000e+01 5.411468926553671963e+02 4.293977401129943701e+02 5.645468058375311671e+01
4.000000000000000000e+01 5.529668508287293207e+02 4.037292817679557970e+02 6.502052102381023246e+01
4.100000000000000000e+01 5.424806576402321525e+02 3.965705996131528082e+02 5.577329993699265742e+01
4.200000000000000000e+01 5.375775635407537720e+02 3.697800175284837678e+02 6.613154612994848947e+01
4.300000000000000000e+01 5.552156536219816871e+02 3.582897585345545508e+02 6.689195128834458615e+01
4.400000000000000000e+01 5.679876302083333712e+02 3.474042968750000000e+02 6.434422148834956090e+01
4.500000000000000000e+01 5.753705479452054306e+02 3.313623287671233015e+02 5.676941983606293007e+01
4.600000000000000000e+01 5.684423312883435528e+02 3.485533742331288067e+02 5.885770996080252360e+01
4.700000000000000000e+01 5.699786450662738844e+02 3.607835051546391583e+02 6.695948003850384112e+01
4.800000000000000000e+01 5.776612784717119666e+02 3.565613519470977053e+02 6.810134199952724998e+01
4.900000000000000000e+01 5.781157222665602831e+02 3.645594573024740725e+02 7.280874508255625699e+01
5.000000000000000000e+01 5.911230440967283357e+02 3.436386913229018774e+02 7.159809676143703427e+01
5.100000000000000000e+01 6.041632937892533164e+02 3.549839497557571804e+02 7.910767358232452295e+01
5.200000000000000000e+01 5.885007092198582086e+02 3.445163120567376041e+02 7.855361192319401198e+01
5.300000000000000000e+01 5.837721712538226484e+02 3.220114678899082605e+02 8.015422316760299282e+01
5.400000000000000000e+01 6.040452885317749860e+02 3.074937910883857057e+02 7.431798198656960608e+01
5.500000000000000000e+01 5.996763779527559564e+02 2.899354330708661678e+02 8.247327745144475841e+01
5.600000000000000000e+01 5.963123249299719646e+02 2.768501400560223829e+02 8.066492158904787857e+01
5.700000000000000000e+01 6.042319660537482378e+02 2.660827439886845696e+02 8.270038983918288977e+01
5.800000000000000000e+01 6.164101083032491033e+02 2.571935018050541544e+02 7.905232558568668821e+01
5.900000000000000000e+01 6.317798634812286309e+02 2.534328782707622167e+02 8.263693564275612857e+01
6.000000000000000000e+01 6.275877862595419856e+02 2.459307105108631788e+02 8.481271706415351730e+01
6.100000000000000000e+01 6.163435858964741101e+02 2.568214553638409825e+02 8.323069713310903239e+01
6.200000000000000000e+01 6.169621559633027346e+02 2.525384174311926699e+02 8.434433754210240863e+01
6.300000000000000000e+01 5.937614906832297947e+02 2.625478260869565474e+02 9.054331254758263015e+01
6.400000000000000000e+01 5.918663697104676658e+02 2.737583518930957780e+02 8.588246569555883525e+01
6.500000000000000000e+01 5.729807093963908073e+02 2.754480398257622937e+02 8.102810061059379620e+01
6.600000000000000000e+01 5.611754285714285970e+02 2.884805714285714089e+02 8.142789266885024801e+01
6.700000000000000000e+01 5.301523224043716027e+02 3.173866120218578999e+02 7.970848616168889578e+01
6.800000000000000000e+01 5.337142857142856656e+02 3.161139162561576086e+02 8.228396611788164705e+01
6.900000000000000000e+01 5.439005340453938970e+02 3.190480640854472654e+02 8.406169740891169795e+01
7.000000000000000000e+01 5.355035405192761573e+02 3.338654602675059095e+02 9.354099614865461376e+01
7.100000000000000000e+01 5.348215258855585716e+02 3.310585831062670081e+02 8.004974697158320396e+01
7.200000000000000000e+01 5.371174551386623079e+02 3.500709624796085109e+02 8.091135620786900517e+01
7.300000000000000000e+01 5.332606800348735305e+02 3.825754141238012380e+02 9.223669035358227575e+01
7.400000000000000000e+01 5.458383937316356196e+02 3.698139079333986388e+02 8.711248302509980590e+01
7.500000000000000000e+01 5.395150462962963047e+02 3.732476851851851620e+02 9.236534743690130256e+01
7.600000000000000000e+01 5.408908045977011625e+02 3.778425287356321860e+02 8.251438086345893907e+01
7.700000000000000000e+01 5.426656716417910502e+02 3.710567164179104225e+02 7.552445772241266297e+01
7.800000000000000000e+01 5.417221702525724822e+02 4.061487371375117164e+02 7.431874463974133960e+01
7.900000000000000000e+01 5.209304932735426519e+02 4.165224215246636845e+02 7.385384489652872730e+01
8.000000000000000000e+01 4.916714285714285779e+02 4.213869047619047592e+02 6.861082944368267533e+01
8.100000000000000000e+01 5.034953940634595710e+02 4.224237461617195777e+02 6.998599654025206007e+01
8.200000000000000000e+01 5.156774809160305040e+02 4.176708015267175824e+02 7.302101819582689757e+01
8.300000000000000000e+01 5.083075671277461538e+02 4.353856794141578348e+02 7.778169847753363797e+01
8.400000000000000000e+01 5.138283712784588033e+02 4.286401050788090856e+02 7.774283712990526851e+01
8.500000000000000000e+01 5.099712586719524552e+02 4.344231912784935616e+02 7.436394620625820551e+01
8.600000000000000000e+01 5.100050813008130035e+02 4.309512195121951095e+02 6.921329581967346201e+01
8.700000000000000000e+01 4.984047619047619264e+02 4.393204365079365061e+02 7.341495968605548228e+01
8.800000000000000000e+01 5.049895742832319456e+02 4.298957428323197405e+02 7.484707469779824862e+01
8.900000000000000000e+01 4.936218402426693501e+02 4.277553083923154418e+02 6.906496226027962848e+01
9.000000000000000000e+01 4.751059907834101637e+02 4.308629032258064626e+02 6.135605587509804337e+01
9.100000000000000000e+01 4.702043879907621431e+02 4.278591224018475714e+02 6.310753347183793949e+01
9.200000000000000000e+01 4.740979097909790880e+02 4.066292629262926539e+02 6.642766024633729671e+01
9.300000000000000000e+01 4.876417910447761415e+02 3.977336394948335396e+02 7.787285733484694106e+01
9.400000000000000000e+01 4.785490549054905500e+02 3.796201620162016184e+02 7.779820410810832243e+01
9.500000000000000000e+01 4.706646655231560885e+02 3.464485420240137046e+02 8.168972537716352633e+01
9.600000000000000000e+01 4.726323792486583102e+02 3.206797853309481070e+02 7.641943195626683405e+01
9.700000000000000000e+01 4.849102564102564088e+02 3.023696581196581405e+02 9.124931346478493310e+01
9.800000000000000000e+01 5.062574329224075314e+02 2.812487309644670290e+02 9.507920173368373185e+01
9.900000000000000000e+01 5.203316892725031266e+02 2.651886559802712782e+02 8.186560752666458995e+01
1.000000000000000000e+02 5.012465940054495945e+02 2.740415531335149808e+02 8.079402950189569310e+01
1.010000000000000000e+02 5.032331768388106639e+02 3.161283255086071904e+02 8.342951007728626678e+01
1.020000000000000000e+02 4.991746442432082631e+02 3.148434670116429288e+02 7.951541042383783520e+01
1.030000000000000000e+02 4.893943661971831034e+02 3.221879975505204925e+02 8.087713161456858302e+01
1.040000000000000000e+02 4.794983388704318941e+02 3.421973421926910532e+02 8.101965076927149312e+01
1.050000000000000000e+02 4.679354120267260555e+02 3.528002969561989630e+02 7.706583086623314216e+01
1.060000000000000000e+02 4.654521238300935693e+02 3.616681065514758870e+02 7.674902795835363634e+01
1.070000000000000000e+02 4.471982200647249215e+02 3.697265372168284898e+02 7.530407617172664914e+01
1.080000000000000000e+02 4.393476027397260282e+02 3.727996575342465917e+02 7.327705910717305926e+01
1.090000000000000000e+02 4.337989637305699375e+02 4.036528497409326519e+02 7.454394470966545327e+01
1.100000000000000000e+02 4.412569686411150087e+02 4.133301393728223161e+02 6.866281974135092980e+01
1.110000000000000000e+02 4.527203947368420813e+02 4.233377192982455881e+02 7.612358432925903173e+01
1.120000000000000000e+02 4.622057205720572028e+02 4.130726072607260448e+02 7.223668268839440998e+01
1.130000000000000000e+02 4.522660753880265929e+02 4.429179600886918138e+02 6.721270527588292509e+01
1.140000000000000000e+02 4.518746928746928688e+02 4.369742014742014931e+02 7.546313740338317189e+01
1.150000000000000000e+02 4.621834951456310705e+02 4.309708737864077648e+02 7.039865293856227879e+01
1.160000000000000000e+02 4.515543345543345595e+02 4.408888888888889142e+02 6.941762997718838335e+01
1.170000000000000000e+02 4.521314952279957424e+02 4.446193001060445340e+02 7.582079686925942497e+01
1.180000000000000000e+02 4.441875669882100510e+02 4.375777063236870390e+02 7.486941681015419192e+01
1.190000000000000000e+02 4.399505617977528118e+02 4.461314606741573243e+02 7.689600042067780805e+01
1.200000000000000000e+02 4.449648351648351650e+02 4.462109890109890102e+02 7.827263120990733114e+01
1.210000000000000000e+02 4.547806763285024090e+02 4.300801932367149902e+02 7.540751482616876444e+01
