0.000000000000000000e+00 3.334880744618964741e+02 4.393207014044710377e+02 9.515985402816916405e+01
1.000000000000000000e+00 3.336586586586586805e+02 4.392229729729729684e+02 9.512921783969947853e+01
2.000000000000000000e+00 3.274875976311046202e+02 4.412973135353188354e+02 9.611057643713735388e+01
3.000000000000000000e+00 3.280534562211981324e+02 4.487114369501466058e+02 1.019199198052237421e+02
4.000000000000000000e+00 3.303397983595352230e+02 4.532085611756664321e+02 9.799799627072532360e+01
5.000000000000000000e+00 3.287027120400759941e+02 4.685285887027120566e+02 9.491664651212704484e+01
6.000000000000000000e+00 3.228782816229116861e+02 4.722852028639617856e+02 9.467205940524317498e+01
7.000000000000000000e+00 3.237117094017094132e+02 4.815578632478632244e+02 9.056464774246828142e+01
8.000000000000000000e+00 3.228614498079171540e+02 4.810012527142141039e+02 9.199828527535824207e+01
9.000000000000000000e+00 3.199478459903539829e+02 4.755579171094580033e+02 9.381417003449860204e+01
1.000000000000000000e+01 3.186176249687056838e+02 4.706071100726028362e+02 9.346495916826171424e+01
1.100000000000000000e+01 3.141893514495615705e+02 4.628640492929931156e+02 9.419947730261731067e+01
1.200000000000000000e+01 3.155140476190476306e+02 4.603199999999999932e+02 9.327952244424444928e+01
1.300000000000000000e+01 3.119834944588540679e+02 4.482335927061227494e+02 9.602007321459544187e+01
1.400000000000000000e+01 3.046576555213026722e+02 4.408566911706584506e+02 9.428375557886138836e+01
1.500000000000000000e+01 3.060768852459016216e+02 4.406031147540983852e+02 9.637656429096776378e+01
1.600000000000000000e+01 3.057160816739790903e+02 4.482676341545730452e+02 9.468840789602025154e+01
1.700000000000000000e+01 3.072297466095645859e+02 4.710074054246966284e+02 9.417497505613057740e+01
1.800000000000000000e+01 3.101569189431258451e+02 4.703107030900134191e+02 9.296016523037687307e+01
1.900000000000000000e+01 3.150260498344659368e+02 4.570433002265202731e+02 9.277550236779292447e+01
2.000000000000000000e+01 3.260217295680478742e+02 4.528010029031406702e+02 9.116357470011678288e+01
2.100000000000000000e+01 3.180893461839020802e+02 4.617072154206824735e+02 8.718849476435356394e+01
2.200000000000000000e+01 3.169813610749891382e+02 4.662958820979627035e+02 9.272252145984685967e+01
2.300000000000000000e+01 3.153589377258593345e+02 4.588678880578199824e+02 8.804047838268236603e+01
2.400000000000000000e+01 3.114852854867108363e+02 4.664856208602330980e+02 8.708213807565236664e+01
2.500000000000000000e+01 3.134111328125000000e+02 4.623397623697916856e+02 8.813040461094816180e+01
2.600000000000000000e+01 3.199937101780755029e+02 4.478651364156183377e+02 9.223217422933410603e+01
2.700000000000000000e+01 3.281720046529662795e+02 4.415136099263280585e+02 8.384719564965986649e+01
2.800000000000000000e+01 3.234353549958146345e+02 4.439482535575679094e+02 8.549608372481011997e+01
2.900000000000000000e+01 3.152577598885362704e+02 4.391726139794101869e+02 8.585914581313609517e+01
3.000000000000000000e+01 2.998690215692403740e+02 4.306298061894341913e+02 8.701718393210623503e+01
3.100000000000000000e+01 2.990167768174885623e+02 4.166660614423705624e+02 8.900784363668344668e+01
3.200000000000000000e+01 3.017508774550070711e+02 4.070542901949070256e+02 8.485862841447236349e+01
3.300000000000000000e+01 2.987480757844878667e+02 4.093949822380106411e+02 9.037346016602749899e+01
3.400000000000000000e+01 3.018839076107535107e+02 4.154659598636879991e+02 8.709108376195121082e+01
3.500000000000000000e+01 3.017696814655884054e+02 4.314162403036804676e+02 8.629884738502239827e+01
3.600000000000000000e+01 3.187376400235829124e+02 4.324041101659227024e+02 8.691195700169325278e+01
3.700000000000000000e+01 3.323953527529887424e+02 4.305676039737329575e+02 8.737813471992065217e+01
3.800000000000000000e+01 3.305440392224325024e+02 4.295717357646653909e+02 8.773892382041445615e+01
3.900000000000000000e+01 3.334085716739671739e+02 4.287838186034527439e+02 8.910552978897432297e+01
4.000000000000000000e+01 3.315780692288536784e+02 4.349281148833734392e+02 8.552075551732035308e+01
4.100000000000000000e+01 3.512803012286959756e+02 4.166396353547364129e+02 8.608562441804637899e+01
4.200000000000000000e+01 3.604825331125827574e+02 4.270172185430463401e+02 8.514329406510788090e+01
4.300000000000000000e+01 3.633708165997322794e+02 4.319952309236948054e+02 8.316417734813481388e+01
4.400000000000000000e+01 3.704804031354983067e+02 4.458426221035403501e+02 7.809930446402979953e+01
4.500000000000000000e+01 3.684534454646872064e+02 4.562348751394490591e+02 7.637688112614718250e+01
4.600000000000000000e+01 3.647250699790063209e+02 4.568149930020993565e+02 7.598441230723541651e+01
4.700000000000000000e+01 3.732050511689043333e+02 4.690020655337527273e+02 7.711445397954072689e+01
4.800000000000000000e+01 3.777756923360014980e+02 4.771501518078940194e+02 7.813636523064575101e+01
4.900000000000000000e+01 3.772892072752230774e+02 4.805597117364447399e+02 7.618543967521657123e+01
5.000000000000000000e+01 3.741765480895915630e+02 4.853577075098814362e+02 7.631048704993386878e+01
5.100000000000000000e+01 3.726670176362200664e+02 4.764788979556023492e+02 7.873293863288012062e+01
5.200000000000000000e+01 3.761815937340371079e+02 4.716606504341903587e+02 7.783638323550498228e+01
5.300000000000000000e+01 3.744262972205490314e+02 4.733048790981843013e+02 7.747487437959890144e+01
5.400000000000000000e+01 3.713208205652026095e+02 4.695426455566905020e+02 7.420618118230473215e+01
5.500000000000000000e+01 3.613610274579273778e+02 4.723786536758192938e+02 7.655111164002167357e+01
5.600000000000000000e+01 3.584627384560527616e+02 4.685304867177749770e+02 7.717010717302521527e+01
5.700000000000000000e+01 3.580207335133722495e+02 4.579649795278334068e+02 7.895297886138185106e+01
5.800000000000000000e+01 3.649038363171355286e+02 4.542994884910485780e+02 7.753612497125526204e+01
5.900000000000000000e+01 3.586251548435048448e+02 4.466712362705425789e+02 7.490262446772862859e+01
6.000000000000000000e+01 3.570647763383036022e+02 4.375752464760042244e+02 7.383634894620709588e+01
6.100000000000000000e+01 3.471070081078911471e+02 4.361603114714618528e+02 7.129422556135361333e+01
6.200000000000000000e+01 3.450675403225806690e+02 4.461864919354838435e+02 7.048438655754088700e+01
6.300000000000000000e+01 3.419464482595684558e+02 4.447331863285556892e+02 7.456263804117931215e+01
6.400000000000000000e+01 3.370520208083233342e+02 4.428972388955582460e+02 7.082333172778676555e+01
6.500000000000000000e+01 3.442632889719044442e+02 4.388733753599502165e+02 7.188896393780447625e+01
6.600000000000000000e+01 3.396579817077857228e+02 4.348513565444623623e+02 7.328276350204951939e+01
6.700000000000000000e+01 3.339050271351042625e+02 4.293087689231647914e+02 7.282436455363752259e+01
6.800000000000000000e+01 3.360141464487282974e+02 4.277250604705710089e+02 7.442271264677440001e+01
6.900000000000000000e+01 3.368520128087831722e+02 4.384476974687404436e+02 7.301356205372331942e+01
7.000000000000000000e+01 3.322083727702948863e+02 4.372227884965416820e+02 7.250436031442325202e+01
7.100000000000000000e+01 3.343212454212454077e+02 4.313895238095238369e+02 7.235663214549366273e+01
7.200000000000000000e+01 3.382732923906530687e+02 4.330796135410425336e+02 7.482522982583844851e+01
7.300000000000000000e+01 3.448599811528192163e+02 4.334327783885660210e+02 7.209413254407432703e+01
7.400000000000000000e+01 3.382007110286730267e+02 4.326073885153411993e+02 7.255456799097130727e+01
7.500000000000000000e+01 3.364193759189674893e+02 4.280309589936284738e+02 7.266956644398527487e+01
7.600000000000000000e+01 3.351143714030963565e+02 4.287264326821755844e+02 7.609647514440881366e+01
7.700000000000000000e+01 3.249884004884004867e+02 4.258231074481074643e+02 7.329998003168155662e+01
7.800000000000000000e+01 3.142558195926285407e+02 4.360476883284836731e+02 7.504861189697049895e+01
7.900000000000000000e+01 3.221104538156004651e+02 4.490380292402603004e+02 7.365554160231418734e+01
8.000000000000000000e+01 3.312050216303333627e+02 4.492599032996861297e+02 7.034235749197625864e+01
8.100000000000000000e+01 3.487534847023757152e+02 4.601829578329096080e+02 7.533922115146106080e+01
8.200000000000000000e+01 3.588860562865497172e+02 4.622276133040935520e+02 7.323555640651512988e+01
8.300000000000000000e+01 3.727547431744562800e+02 4.609221656640444280e+02 7.144732585053533569e+01
8.400000000000000000e+01 3.910811327975507083e+02 4.620455415231534744e+02 7.217031717125249202e+01
8.500000000000000000e+01 4.085429073513619187e+02 4.657291809040320345e+02 7.107150281342880760e+01
8.600000000000000000e+01 4.268982396686434981e+02 4.621731149392826978e+02 7.276789206038496616e+01
8.700000000000000000e+01 4.390397115294558148e+02 4.567122787299803122e+02 7.286224625382696729e+01
8.800000000000000000e+01 4.450278166713338805e+02 4.565547465695883602e+02 7.517783381845660529e+01
8.900000000000000000e+01 4.507341454985311771e+02 4.566347848626231212e+02 7.658230544734414025e+01
9.000000000000000000e+01 4.590285486301976903e+02 4.597083961344090994e+02 7.483824133192462114e+01
9.100000000000000000e+01 4.521394503171247266e+02 4.577708245243128999e+02 7.786679794678370570e+01
9.200000000000000000e+01 4.397995095033721782e+02 4.580082333362529425e+02 7.875552219826013811e+01
9.300000000000000000e+01 4.307635685210312317e+02 4.521428086838534455e+02 8.011493097924025619e+01
9.400000000000000000e+01 4.206465987780040905e+02 4.439349083503054771e+02 7.966368714715319754e+01
9.500000000000000000e+01 4.164576651433319512e+02 4.459293726630660331e+02 8.579368744211414821e+01
9.600000000000000000e+01 4.034000643966835469e+02 4.422752153264107164e+02 8.670783719787991117e+01
9.700000000000000000e+01 3.957911886949293603e+02 4.449539484621778911e+02 8.569529423575191629e+01
9.800000000000000000e+01 3.911126699575647194e+02 4.490268468000346616e+02 8.228769397069174829e+01
9.900000000000000000e+01 3.832877144707024968e+02 4.345904014244092082e+02 8.161086208159427713e+01
1.000000000000000000e+02 3.785127615726062231e+02 4.279292961318960238e+02 8.398574859361988842e+01
1.010000000000000000e+02 3.694884416424183655e+02 4.389982217911413045e+02 8.024665908243281365e+01
1.020000000000000000e+02 3.677772413219012719e+02 4.404639140930658527e+02 8.427220975068695452e+01
1.030000000000000000e+02 3.713647516710381637e+02 4.337476097808613531e+02 8.478870612875842028e+01
1.040000000000000000e+02 3.818621290001657940e+02 4.378224175095340911e+02 8.015667243302824829e+01
1.050000000000000000e+02 3.849558039116078021e+02 4.453285919905173387e+02 8.103539432679808385e+01
1.060000000000000000e+02 3.877040404040404269e+02 4.606789562289562241e+02 7.858855635947568885e+01
1.070000000000000000e+02 3.854782646572000999e+02 4.752156111159508782e+02 7.949980053215210773e+01
1.080000000000000000e+02 3.730671317961371756e+02 4.762589126180549783e+02 7.882023893441467521e+01
1.090000000000000000e+02 3.698667465958722005e+02 4.707904427507065179e+02 8.110251087850798513e+01
1.100000000000000000e+02 3.632434315453705835e+02 4.662406614622681218e+02 8.282466143772431622e+01
1.110000000000000000e+02 3.584727152645917840e+02 4.545526294064228523e+02 8.371325768965634495e+01
1.120000000000000000e+02 3.623270471879976640e+02 4.470334422931858285e+02 8.377334884615927990e+01
1.130000000000000000e+02 3.664578000537009075e+02 4.556555983173722097e+02 8.928852409338979612e+01
1.140000000000000000e+02 3.661679248595505669e+02 4.615253686797752835e+02 8.551511875792998296e+01
1.150000000000000000e+02 3.581962600178094362e+02 4.616986642920747954e+02 8.416239958184155512e+01
1.160000000000000000e+02 3.519763886529641468e+02 4.478606251061661396e+02 8.606138937869168615e+01
1.170000000000000000e+02 3.413162923231645891e+02 4.459386523633925776e+02 8.925463476036993882e+01
1.180000000000000000e+02 3.449149309711914384e+02 4.227414412257601271e+02 9.304354826763028541e+01
1.190000000000000000e+02 3.527405857740585589e+02 4.164305058957778556e+02 9.371504284575661359e+01
1.200000000000000000e+02 3.604835594389514881e+02 4.085784471526021093e+02 9.055521988690190938e+01
1.210000000000000000e+02 3.546562135355892451e+02 3.942006271878646544e+02 8.812899794601247550e+01
1.220000000000000000e+02 3.498822435255401615e+02 3.792302904564315327e+02 8.936323917233286807e+01
1.230000000000000000e+02 3.401300840563991414e+02 3.688153470715835169e+02 9.010299992106179445e+01
1.240000000000000000e+02 3.339112976565232316e+02 3.718707240293808809e+02 9.104766637992888434e+01
1.250000000000000000e+02 3.273602008088132607e+02 3.774522381815646099e+02 9.287962949022681869e+01
1.260000000000000000e+02 3.298335435940566072e+02 3.814541631623212652e+02 9.474941006195696502e+01
1.270000000000000000e+02 3.251246568592947028e+02 3.925726754416836570e+02 9.159485871016325120e+01
1.280000000000000000e+02 3.162173944063927138e+02 4.014378567351598122e+02 9.065201591983284857e+01
1.290000000000000000e+02 3.052344164694067672e+02 4.052849867297898072e+02 9.133937214273356631e+01
1.300000000000000000e+02 3.001386570706683870e+02 4.089873669703698056e+02 9.564247060893785601e+01
1.310000000000000000e+02 3.033531145760608183e+02 4.186475835854471939e+02 9.620363530403822949e+01
1.320000000000000000e+02 2.989065934065934016e+02 4.403678133460742288e+02 9.540370859985402774e+01
1.330000000000000000e+02 3.077593476186345356e+02 4.354328966773661591e+02 8.834140727949117888e+01
1.340000000000000000e+02 3.269417443129354410e+02 4.204023335851590559e+02 9.418996959517197354e+01
1.350000000000000000e+02 3.370595525511025130e+02 4.089342507645259843e+02 9.585275237537794624e+01
1.360000000000000000e+02 3.422628225298930147e+02 3.944343926998112124e+02 9.310405313408031702e+01
1.370000000000000000e+02 3.452731613400076753e+02 3.929236811705814603e+02 8.957952497606680708e+01
1.380000000000000000e+02 3.496058293911185615e+02 3.946653441171982308e+02 9.160747341876167127e+01
1.390000000000000000e+02 3.405412443474193083e+02 4.012455948853890391e+02 9.568211094093209113e+01
1.400000000000000000e+02 3.335060120240481183e+02 4.034832742407892852e+02 9.404702211912552912e+01
1.410000000000000000e+02 3.382383403764886793e+02 4.002673837879369785e+02 9.871619104862915606e+01
1.420000000000000000e+02 3.307124836551034264e+02 3.959722329051611496e+02 9.349827571936165782e+01
1.430000000000000000e+02 3.378816916488222546e+02 4.021265677577240467e+02 9.688554470279412101e+01
1.440000000000000000e+02 3.418527310257224485e+02 4.117682597650047569e+02 9.175793830252287364e+01
1.450000000000000000e+02 3.382733210388811926e+02 4.103841247886891210e+02 9.229640246116113644e+01
1.460000000000000000e+02 3.295578157630133660e+02 4.083138680485729992e+02 9.167735131131671267e+01
1.470000000000000000e+02 3.367622881027943436e+02 4.127100394767396665e+02 9.167863923632447154e+01
1.480000000000000000e+02 3.383355639097744643e+02 4.118399999999999750e+02 9.130852552996594795e+01
1.490000000000000000e+02 3.305044488010858004e+02 4.072574272357110772e+02 9.020229881369806435e+01
1.500000000000000000e+02 3.314064111719432049e+02 4.297387923510275414e+02 9.031503594747573516e+01
1.510000000000000000e+02 3.332590992188798396e+02 4.350772810370616526e+02 8.857174390827033506e+01
1.520000000000000000e+02 3.297197053095097203e+02 4.305759166737234409e+02 8.577843204118697429e+01
1.530000000000000000e+02 3.321925335570469997e+02 4.297453859060402692e+02 8.573771038281346080e+01
1.540000000000000000e+02 3.283219213521904294e+02 4.317235253535702100e+02 8.227031061768501274e+01
1.550000000000000000e+02 3.288511404561824634e+02 4.392497856285371540e+02 7.860795776096080090e+01
1.560000000000000000e+02 3.294559521716194581e+02 4.552327237559346145e+02 8.730564156704562606e+01
1.570000000000000000e+02 3.272301514874977215e+02 4.573505201679138281e+02 8.575155021194085236e+01
1.580000000000000000e+02 3.318255400601585734e+02 4.594121775590192556e+02 8.662126985493722486e+01
1.590000000000000000e+02 3.369278485757121189e+02 4.738904610194902602e+02 9.002424783319463586e+01
1.600000000000000000e+02 3.429343602825745734e+02 4.772510792778650170e+02 8.728514975669776277e+01
1.610000000000000000e+02 3.563419724997526714e+02 4.757047185676130425e+02 9.126827569740535750e+01
1.620000000000000000e+02 3.761600525093406304e+02 4.868500454407755456e+02 9.181177573939031333e+01
1.630000000000000000e+02 3.768082601961796740e+02 4.932605059370159779e+02 9.230880514193972886e+01
1.640000000000000000e+02 3.844229345284489341e+02 4.897729929851909674e+02 8.991448376957872313e+01
1.650000000000000000e+02 3.810681575109382493e+02 4.850510452114730242e+02 8.994046506163421384e+01
1.660000000000000000e+02 3.826642752023546450e+02 4.821410963944076684e+02 9.090939570186451135e+01
1.670000000000000000e+02 3.848002183406113659e+02 4.883587154294032189e+02 8.966786922187505127e+01
1.680000000000000000e+02 3.809689843533006410e+02 4.860358300157392932e+02 9.111292859524557741e+01
1.690000000000000000e+02 3.799051853156087759e+02 4.838164451096047287e+02 9.000220437902486026e+01
1.700000000000000000e+02 3.765849873691807943e+02 4.804445146156622286e+02 8.660097656933875498e+01
1.710000000000000000e+02 3.732259544787077630e+02 4.783672907488986539e+02 8.908027561231477875e+01
1.720000000000000000e+02 3.749875180028804493e+02 4.821054248679788543e+02 9.177715429761562405e+01
1.730000000000000000e+02 3.798607105833568767e+02 4.787952125153142902e+02 8.594198671369899500e+01
1.740000000000000000e+02 3.724280678972265832e+02 4.815350153047027106e+02 8.763634453808232649e+01
1.750000000000000000e+02 3.643259092190583601e+02 4.784950662531716716e+02 8.077383684413732112e+01
1.760000000000000000e+02 3.744145982717411130e+02 4.675661886376171879e+02 8.284674301549212316e+01
1.770000000000000000e+02 3.781029837251356298e+02 4.750769439421338234e+02 8.448247259408080367e+01
1.780000000000000000e+02 3.758031843123144995e+02 4.658140685436718513e+02 8.094509773011145626e+01
1.790000000000000000e+02 3.643437335208296872e+02 4.633138512919669552e+02 7.886621820518645620e+01
1.800000000000000000e+02 3.557671558232250391e+02 4.531691407244040875e+02 8.143820500674959817e+01
1.810000000000000000e+02 3.402843492586491152e+02 4.582736408566721593e+02 7.923987594630790454e+01
1.820000000000000000e+02 3.430397837655207240e+02 4.525846777599459188e+02 7.677374034715128914e+01
1.830000000000000000e+02 3.418464155720841973e+02 4.446131508150023706e+02 7.589686605218791726e+01
1.840000000000000000e+02 3.411923137751067543e+02 4.417021983235806033e+02 7.730674085653031113e+01
1.850000000000000000e+02 3.377478863032450249e+02 4.447927369353409972e+02 7.728316548274493414e+01
1.860000000000000000e+02 3.248842096977330129e+02 4.395050377833753146e+02 7.377478789235284751e+01
1.870000000000000000e+02 3.270437280799940254e+02 4.259012760241773208e+02 7.524760746982242665e+01
1.880000000000000000e+02 3.238634077799142119e+02 4.141182517379085652e+02 7.272206230321268094e+01
1.890000000000000000e+02 3.230816011751744554e+02 3.997122291590158056e+02 7.638032139567592083e+01
1.900000000000000000e+02 3.280035281484890106e+02 4.029016720355882626e+02 7.257399215043173513e+01
1.910000000000000000e+02 3.390379248070924518e+02 4.188340174027253511e+02 7.442569083372211480e+01
1.920000000000000000e+02 3.423675629534784548e+02 4.326681177976952881e+02 8.052178478314039012e+01
1.930000000000000000e+02 3.401357057721777437e+02 4.465841137408479540e+02 7.631176090727348083e+01
1.940000000000000000e+02 3.364482065035199412e+02 4.484850821320818000e+02 7.359559573132871435e+01
1.950000000000000000e+02 3.256627553237722736e+02 4.571576705780095722e+02 7.469965094323460164e+01
1.960000000000000000e+02 3.320582037996545637e+02 4.535063039723661404e+02 6.907519325975842150e+01
1.970000000000000000e+02 3.357345663373025673e+02 4.547796638797398714e+02 7.168909362782214600e+01
1.980000000000000000e+02 3.411901685147996091e+02 4.590142320789312862e+02 6.856189012009348005e+01
1.990000000000000000e+02 3.452477006875614052e+02 4.697737297973033037e+02 7.151991893397064359e+01
2.000000000000000000e+02 3.409009118541033558e+02 4.663288753799392339e+02 7.215575585996066366e+01
2.010000000000000000e+02 3.466999651324965157e+02 4.589251220362622234e+02 7.097230683022762321e+01
2.020000000000000000e+02 3.557401238701037869e+02 4.521792768664211621e+02 7.009182608426831962e+01
2.030000000000000000e+02 3.677378322126160697e+02 4.397086935638808995e+02 7.442516143004669971e+01
2.040000000000000000e+02 3.794217733914773021e+02 4.302005202356361337e+02 7.513050955792675722e+01
2.050000000000000000e+02 3.873637970791698422e+02 4.262649500384319481e+02 7.499702318747364416e+01
2.060000000000000000e+02 3.889859101294744619e+02 4.270772277227722498e+02 7.588679792526374968e+01
2.070000000000000000e+02 3.899308037535699896e+02 4.347842513259893735e+02 7.384606199149338579e+01
2.080000000000000000e+02 3.912914495114006286e+02 4.379210912052117237e+02 7.452046285638822098e+01
2.090000000000000000e+02 3.924641977209732318e+02 4.301166461348937560e+02 7.146215712467727599e+01
2.100000000000000000e+02 3.971666269178790003e+02 4.175223785674536998e+02 7.505428896119776994e+01
2.110000000000000000e+02 3.993236149312377279e+02 4.163823182711198569e+02 7.687289454382541010e+01
2.120000000000000000e+02 3.989286980341605044e+02 4.171986786980341435e+02 7.146315775431030204e+01
2.130000000000000000e+02 4.016346825396825579e+02 4.198677777777778033e+02 7.059763202642652402e+01
2.140000000000000000e+02 3.982287929819064516e+02 4.160857679956137076e+02 6.905353146325235514e+01
2.150000000000000000e+02 3.949865771812080766e+02 3.996899476362563632e+02 6.778613941997038239e+01
2.160000000000000000e+02 3.957667356287867619e+02 4.101743756465198771e+02 6.593507485543177893e+01
2.170000000000000000e+02 3.864839349767228782e+02 4.167847821109669439e+02 6.733257008737399474e+01
2.180000000000000000e+02 3.888591719552734958e+02 4.156162737987307310e+02 6.689562238054141119e+01
2.190000000000000000e+02 3.940806984080405186e+02 4.152117966400117552e+02 6.785105445966441096e+01
2.200000000000000000e+02 3.966766636141636013e+02 4.242409188034188219e+02 6.778456356443847142e+01
2.210000000000000000e+02 3.949662453422956219e+02 4.227987871703076053e+02 6.264006400506678318e+01
2.220000000000000000e+02 3.947382853698960616e+02 4.205393249962332334e+02 6.451033018982202805e+01
2.230000000000000000e+02 3.982403486027081385e+02 4.155056179775281180e+02 6.594267540037536435e+01
2.240000000000000000e+02 3.942627868498669272e+02 4.253050140277678111e+02 6.744771734093401960e+01
2.250000000000000000e+02 3.841223576042278296e+02 4.292568261890780832e+02 6.928799846923729433e+01
2.260000000000000000e+02 3.809951149857207042e+02 4.263820832707049249e+02 6.605707770360154996e+01
2.270000000000000000e+02 3.782692601650871325e+02 4.298701467441149475e+02 6.444013570405057578e+01
2.280000000000000000e+02 3.722571541190382618e+02 4.303723295230587382e+02 6.580662875973082748e+01
2.290000000000000000e+02 3.645594905250077886e+02 4.329478098788443390e+02 6.511434511870156427e+01
2.300000000000000000e+02 3.660473709522282775e+02 4.394179224110291671e+02 6.755130805993958631e+01
2.310000000000000000e+02 3.616812904295903195e+02 4.353636589815889693e+02 6.488638817132047620e+01
2.320000000000000000e+02 3.631603422324328676e+02 4.342342549314743110e+02 6.353662050292723507e+01
2.330000000000000000e+02 3.634774760383386365e+02 4.428548722044728265e+02 6.619882733476680414e+01
2.340000000000000000e+02 3.639716836939908262e+02 4.364479124768723182e+02 7.091342627388767994e+01
2.350000000000000000e+02 3.571325579542738637e+02 4.431245917310603204e+02 7.074579128790307436e+01
2.360000000000000000e+02 3.610552965761131645e+02 4.470531265069924416e+02 6.875933853329048873e+01
2.370000000000000000e+02 3.725015290519877453e+02 4.482320761128100344e+02 6.920171663941879103e+01
2.380000000000000000e+02 3.757748415246562672e+02 4.493305342883016351e+02 6.694724838055975624e+01
2.390000000000000000e+02 3.754665115905991684e+02 4.489724071548889128e+02 7.092794246918852252e+01
2.400000000000000000e+02 3.732823806813561873e+02 4.507737214407675310e+02 7.016516560342964226e+01
2.410000000000000000e+02 3.778874968679529047e+02 4.586108744675519802e+02 6.589871193021980389e+01
2.420000000000000000e+02 3.790367447386286699e+02 4.626036999321113399e+02 6.719456199925571127e+01
2.430000000000000000e+02 3.818094498487697024e+02 4.603580479032125936e+02 6.746853939097702835e+01
2.440000000000000000e+02 3.779593618541154001e+02 4.643197872847051144e+02 6.496216594472842587e+01
2.450000000000000000e+02 3.759641733236504706e+02 4.552895989671588950e+02 6.704768492469520424e+01
2.460000000000000000e+02 3.778348733471403307e+02 4.514812808666560500e+02 7.065175698995790299e+01
2.470000000000000000e+02 3.871420170774931648e+02 4.471786692444014761e+02 6.963465173120448526e+01
2.480000000000000000e+02 3.860235505764985078e+02 4.341471911031155173e+02 6.863027396367974120e+01
2.490000000000000000e+02 3.924188925081433013e+02 4.357132736156351598e+02 6.832148965712731581e+01
2.500000000000000000e+02 3.894665616971906843e+02 4.376302312090826376e+02 6.884608429116273953e+01
2.510000000000000000e+02 3.917524437927663712e+02 4.345789345063538462e+02 6.731681948924601500e+01
2.520000000000000000e+02 3.996833640073617744e+02 4.317759462270944937e+02 6.725167363486684735e+01
2.530000000000000000e+02 4.011173913043478478e+02 4.272694071146245278e+02 6.680393501845466631e+01
2.540000000000000000e+02 4.089848424728195937e+02 4.277170065867788367e+02 6.534993492692125017e+01
2.550000000000000000e+02 4.045996910066677401e+02 4.245528541226215680e+02 6.737226786387689970e+01
2.560000000000000000e+02 4.009774998033199722e+02 4.189682951774054231e+02 7.111004489802050443e+01
2.570000000000000000e+02 4.081722315637761085e+02 4.227047802065818018e+02 7.343099524108933451e+01
2.580000000000000000e+02 4.102208284023668625e+02 4.281150295857988226e+02 6.827206231075031440e+01
2.590000000000000000e+02 4.019064511186024902e+02 4.262508427827152673e+02 6.708491487872912273e+01
2.600000000000000000e+02 3.973355914142182996e+02 4.314615618815649327e+02 6.612327576791830097e+01
2.610000000000000000e+02 3.927460590212924672e+02 4.262777736271946196e+02 6.646584170069806419e+01
2.620000000000000000e+02 3.883679920618045003e+02 4.180302643702601131e+02 6.528668491385923289e+01
2.630000000000000000e+02 3.847832990296971616e+02 4.126964863275507014e+02 6.791962088617773929e+01
2.640000000000000000e+02 3.830243938717834453e+02 4.201909117953294412e+02 6.367228571277066607e+01
2.650000000000000000e+02 3.784113919275745275e+02 4.235047906450396340e+02 6.657019060585685111e+01
2.660000000000000000e+02 3.665962588851477904e+02 4.282279835390946232e+02 6.522951951967547757e+01
2.670000000000000000e+02 3.593952551136795819e+02 4.254749448711124842e+02 6.288860692297776467e+01
2.680000000000000000e+02 3.585387307512832535e+02 4.236664333488878356e+02 6.453303165735145797e+01
2.690000000000000000e+02 3.616237517283760781e+02 4.183492087878322536e+02 6.385612599125119715e+01
2.700000000000000000e+02 3.615207142297752512e+02 4.275851672018168870e+02 6.098742689017026208e+01
2.710000000000000000e+02 3.616849357726741800e+02 4.240305955624756962e+02 6.385862701118522011e+01
2.720000000000000000e+02 3.566126909695961444e+02 4.175578581152624338e+02 6.350137643652074360e+01
2.730000000000000000e+02 3.591647264703644282e+02 4.204977554591798139e+02 6.191747633666787465e+01
2.740000000000000000e+02 3.539998502769875586e+02 4.250333133702650343e+02 6.493657874045686640e+01
2.750000000000000000e+02 3.580050583657587708e+02 4.313077821011673336e+02 6.284459518068217676e+01
2.760000000000000000e+02 3.608319728938857338e+02 4.350460495918681545e+02 6.410749903767927549e+01
2.770000000000000000e+02 3.640910238207919178e+02 4.367969711310932439e+02 6.789766408117161234e+01
2.780000000000000000e+02 3.680772132409545634e+02 4.346946112394149395e+02 6.524510728378902513e+01
2.790000000000000000e+02 3.680432935916542192e+02 4.371089418777943365e+02 6.211619836531377814e+01
2.800000000000000000e+02 3.676895797531635708e+02 4.459664114982033993e+02 6.037302671605351634e+01
2.810000000000000000e+02 3.630035496566093229e+02 4.521356586156339290e+02 6.302326956195621221e+01
2.820000000000000000e+02 3.599302166476624620e+02 4.466722158874952697e+02 6.652099661028691457e+01
2.830000000000000000e+02 3.688025117739403527e+02 4.503823390894819454e+02 6.476869467969572725e+01
2.840000000000000000e+02 3.761331449207096966e+02 4.509087768880514773e+02 6.451988352553834716e+01
2.850000000000000000e+02 3.870896952560477757e+02 4.560107602890354883e+02 6.269178372491510487e+01
2.860000000000000000e+02 3.879299460504066133e+02 4.589404138819550667e+02 6.464620679086110044e+01
2.870000000000000000e+02 3.940040204372225503e+02 4.691738001507663967e+02 6.514825282726270927e+01
2.880000000000000000e+02 3.923478184838681386e+02 4.774124333304188212e+02 6.609439460342680661e+01
2.890000000000000000e+02 3.892368904841110293e+02 4.732782106276810055e+02 6.473326088209400098e+01
2.900000000000000000e+02 3.905354723707665130e+02 4.797743315508021169e+02 6.448712752029241813e+01
2.910000000000000000e+02 3.923437947067238838e+02 4.717418633762517857e+02 7.011112479615765380e+01
2.920000000000000000e+02 4.003430289099106858e+02 4.668703916541419972e+02 7.136683841105434567e+01
2.930000000000000000e+02 4.071350422832981053e+02 4.608271670190274563e+02 7.191121694201581249e+01
2.940000000000000000e+02 4.129451649055395706e+02 4.505960614793467585e+02 7.052362090138333883e+01
2.950000000000000000e+02 4.188909551986475321e+02 4.570936601859679058e+02 7.286644852121374072e+01
2.960000000000000000e+02 4.197830039196063581e+02 4.486685847719122648e+02 7.222686758615417091e+01
2.970000000000000000e+02 4.133946769982312617e+02 4.528112524214604377e+02 7.329001851412847657e+01
2.980000000000000000e+02 4.128007380073800618e+02 4.558931529315293005e+02 7.447516712555034246e+01
2.990000000000000000e+02 4.130241368024873054e+02 4.565494190803469223e+02 6.866323464127135878e+01
3.000000000000000000e+02 4.172304907481898795e+02 4.542589702333065134e+02 6.441341611254323141e+01
3.010000000000000000e+02 4.125024653312788701e+02 4.556869799691833691e+02 6.391972172922665862e+01
3.020000000000000000e+02 4.121785201722213401e+02 4.539047998724286117e+02 6.431872132562190814e+01
3.030000000000000000e+02 4.148506073513172510e+02 4.587162012935794451e+02 6.439929320528119661e+01
3.040000000000000000e+02 4.143585277686493669e+02 4.574898948406178079e+02 6.594435281791780312e+01
3.050000000000000000e+02 4.200868149324861065e+02 4.619467037331215238e+02 6.463793911560213701e+01
3.060000000000000000e+02 4.247853796445880334e+02 4.626983037156704199e+02 6.544262425447881526e+01
3.070000000000000000e+02 4.294795832633170676e+02 4.655461267013947122e+02 6.157400275349743168e+01
3.080000000000000000e+02 4.259658392932267361e+02 4.584290281867900489e+02 6.521249142571842583e+01
3.090000000000000000e+02 4.383443770021918908e+02 4.492850278199292120e+02 6.615128399390336256e+01
3.100000000000000000e+02 4.393775708502024031e+02 4.471399999999999864e+02 6.721427174405029348e+01
3.110000000000000000e+02 4.452454947834334575e+02 4.397179102118242326e+02 6.749987161423175053e+01
3.120000000000000000e+02 4.512514006723226885e+02 4.409874339683047992e+02 6.767479155023055171e+01
3.130000000000000000e+02 4.565400197628458727e+02 4.417738801054018722e+02 6.956679524568217232e+01
3.140000000000000000e+02 4.614413403310456374e+02 4.405199838514332100e+02 7.031352644714219480e+01
3.150000000000000000e+02 4.573946191985694441e+02 4.391854832154759265e+02 6.709326922172775198e+01
3.160000000000000000e+02 4.555083803518088530e+02 4.375495353468303961e+02 7.139020729571430479e+01
3.170000000000000000e+02 4.608424612339161968e+02 4.407460409105905796e+02 7.177206957015209809e+01
3.180000000000000000e+02 4.578716634114583144e+02 4.412761230468750000e+02 7.261365055360133169e+01
3.190000000000000000e+02 4.603453336390736013e+02 4.342882366429718104e+02 7.343650395610458759e+01
3.200000000000000000e+02 4.660191579585036834e+02 4.286341814326821122e+02 7.416799855706271671e+01
3.210000000000000000e+02 4.614327681964338126e+02 4.251671294942998998e+02 7.318442621085436883e+01
3.220000000000000000e+02 4.632665497588776589e+02 4.185830775975449569e+02 7.760493909674121937e+01
3.230000000000000000e+02 4.612768480791618231e+02 4.095060389988358338e+02 7.979520730309246801e+01
3.240000000000000000e+02 4.568925021300767071e+02 4.085096563476284928e+02 7.857701579271810033e+01
3.250000000000000000e+02 4.425203175748827107e+02 3.932664020209310820e+02 7.531410359276330269e+01
3.260000000000000000e+02 4.300156524283206636e+02 3.926580602691632293e+02 7.789162883618776334e+01
3.270000000000000000e+02 4.230501040844160343e+02 3.881999856435288052e+02 7.619773073345908188e+01
3.280000000000000000e+02 4.108039158172618386e+02 3.845356016719219951e+02 7.556507453560332976e+01
3.290000000000000000e+02 4.086276679841897135e+02 3.917349622709306232e+02 7.903662963585659895e+01
3.300000000000000000e+02 3.946220650430217347e+02 3.960879393320694248e+02 7.700932827906228795e+01
3.310000000000000000e+02 3.901893163989540767e+02 3.963311169219275030e+02 7.901001424215267832e+01
3.320000000000000000e+02 3.801416413373860337e+02 3.999083586626139777e+02 8.112921110931577573e+01
3.330000000000000000e+02 3.724910981566094392e+02 4.126367575232393392e+02 7.848522513368237696e+01
3.340000000000000000e+02 3.706456159061476114e+02 4.232872705111602158e+02 8.145666717409872604e+01
3.350000000000000000e+02 3.704960348312859537e+02 4.265923651065153308e+02 8.072826034898146474e+01
3.360000000000000000e+02 3.619407838571983120e+02 4.275916957702755212e+02 7.648494300173273075e+01
3.370000000000000000e+02 3.620796077522971359e+02 4.410156744652922498e+02 7.053155160379327526e+01
3.380000000000000000e+02 3.595401867728107845e+02 4.407088181261481736e+02 7.587012969793121897e+01
3.390000000000000000e+02 3.554819303985722740e+02 4.364994051160023787e+02 7.149401118319660497e+01
3.400000000000000000e+02 3.500318292592866101e+02 4.341855845210841380e+02 7.262116553358768556e+01
3.410000000000000000e+02 3.458071058475203472e+02 4.315564766839378308e+02 6.793392516602092712e+01
3.420000000000000000e+02 3.530085579160723910e+02 4.394735380226709935e+02 6.967095115123689197e+01
3.430000000000000000e+02 3.463533463796477463e+02 4.466019569471624209e+02 6.767212189551163704e+01
3.440000000000000000e+02 3.415824771007566483e+02 4.482348068498606040e+02 6.575336363639280535e+01
3.450000000000000000e+02 3.442742518908253828e+02 4.492685794146662488e+02 7.072484246402187580e+01
3.460000000000000000e+02 3.493087615838247757e+02 4.555410278011794389e+02 6.955310282007742728e+01
3.470000000000000000e+02 3.445665892872495988e+02 4.609760123807067203e+02 6.879138790419310112e+01
3.480000000000000000e+02 3.466925642694435510e+02 4.458289944679466430e+02 7.153022121397657429e+01
3.490000000000000000e+02 3.468637334810476887e+02 4.386803038695892951e+02 7.038320132404685125e+01
3.500000000000000000e+02 3.468683974201975388e+02 4.392992897379377837e+02 6.812059599009484145e+01
3.510000000000000000e+02 3.443672075835475539e+02 4.476735218508997605e+02 6.782906181366023191e+01
3.520000000000000000e+02 3.493273424394919857e+02 4.500142183880501534e+02 6.625594787360056159e+01
3.530000000000000000e+02 3.452196517813961236e+02 4.502965500564243371e+02 6.117631261618671346e+01
3.540000000000000000e+02 3.376180178742419571e+02 4.521543249281838257e+02 6.197450130186202699e+01
3.550000000000000000e+02 3.367238057005218934e+02 4.578802087515053927e+02 6.227672872294204609e+01
3.560000000000000000e+02 3.410120964511735906e+02 4.627486181206440961e+02 6.158527422631125603e+01
3.570000000000000000e+02 3.452049895042790126e+02 4.650486032617471324e+02 6.438655945638903688e+01
3.580000000000000000e+02 3.479813084112149681e+02 4.681778076984001018e+02 6.067204638821570484e+01
3.590000000000000000e+02 3.431694612637789419e+02 4.713667908709827543e+02 6.057345823468064339e+01
3.600000000000000000e+02 3.397594936708860587e+02 4.671039061893297912e+02 6.011207022450039261e+01
3.610000000000000000e+02 3.366684171042760454e+02 4.601187546886721407e+02 5.790086686497520674e+01
3.620000000000000000e+02 3.329372617534942833e+02 4.551412007623887916e+02 5.868913578047176571e+01
3.630000000000000000e+02 3.271824233298993363e+02 4.455722323480466116e+02 6.189323263455587210e+01
3.640000000000000000e+02 3.282620240082677583e+02 4.434749980125606044e+02 6.397374007613854019e+01
3.650000000000000000e+02 3.317676212357429790e+02 4.385824238943135924e+02 6.663326210548476070e+01
3.660000000000000000e+02 3.298013126025470569e+02 4.282125947339636127e+02 6.290918046618380544e+01
3.670000000000000000e+02 3.304915528812774710e+02 4.317911748823574953e+02 6.506352175693285744e+01
3.680000000000000000e+02 3.224493681011038007e+02 4.328665813469845034e+02 6.468234460579633094e+01
3.690000000000000000e+02 3.213050888335075115e+02 4.400886727228876794e+02 6.504946288589312076e+01
3.700000000000000000e+02 3.189152750114907349e+02 4.335274245442009828e+02 6.627153495773775660e+01
3.710000000000000000e+02 3.302716144429901988e+02 4.355262914774039587e+02 6.412158725252133706e+01
3.720000000000000000e+02 3.282474990153604040e+02 4.383213863725876536e+02 6.262060099755105114e+01
3.730000000000000000e+02 3.327458931004086935e+02 4.375363410529689645e+02 6.297818656518951741e+01
3.740000000000000000e+02 3.325587605990966154e+02 4.397238291465250768e+02 6.205663327082778835e+01
3.750000000000000000e+02 3.401591642341373358e+02 4.484287909049008931e+02 6.644936497640192385e+01
3.760000000000000000e+02 3.422851100493459739e+02 4.515520482493929535e+02 6.383475878042277429e+01
3.770000000000000000e+02 3.521373767181797234e+02 4.456143511687504883e+02 6.481019344860663978e+01
3.780000000000000000e+02 3.450304587155963532e+02 4.415379816513761284e+02 6.363607940577316668e+01
3.790000000000000000e+02 3.458147982397255191e+02 4.398927425971507432e+02 6.043563224953022939e+01
3.800000000000000000e+02 3.367507776625685096e+02 4.395480669530439854e+02 6.206935157253553115e+01
3.810000000000000000e+02 3.354506101772968236e+02 4.423946580704582061e+02 6.232600195176681979e+01
3.820000000000000000e+02 3.340603724622195045e+02 4.389116928713173706e+02 6.164500305475461772e+01
3.830000000000000000e+02 3.332096069868995869e+02 4.454423183803096435e+02 6.663061982573091768e+01
3.840000000000000000e+02 3.357265656979124060e+02 4.459918133442488966e+02 6.478397991228948172e+01
3.850000000000000000e+02 3.328665820575870384e+02 4.469181407154755448e+02 6.151338339207222816e+01
3.860000000000000000e+02 3.353552577149002900e+02 4.543980309423347421e+02 6.249366351366115424e+01
3.870000000000000000e+02 3.359018706924844082e+02 4.485128815228093231e+02 6.605822809531980511e+01
3.880000000000000000e+02 3.446849326599326560e+02 4.517461279461279560e+02 6.534265163966280454e+01
3.890000000000000000e+02 3.502240905685507641e+02 4.480117372846083299e+02 6.939045241704484113e+01
3.900000000000000000e+02 3.552502704051917704e+02 4.526804226641151558e+02 7.133092758795295651e+01
3.910000000000000000e+02 3.653791105671154469e+02 4.525838433292533409e+02 6.973601809517265337e+01
3.920000000000000000e+02 3.807225642288434528e+02 4.479627349585488219e+02 7.147566388991455710e+01
3.930000000000000000e+02 3.822648604933279444e+02 4.437471087747674687e+02 7.128744079290336799e+01
3.940000000000000000e+02 3.922969625246548162e+02 4.385963708086785005e+02 7.294541000986997403e+01
3.950000000000000000e+02 4.013830629204590537e+02 4.401892362485160106e+02 7.352719603328550591e+01
3.960000000000000000e+02 4.119400091589070598e+02 4.341126545565562651e+02 7.258607582718416040e+01
3.970000000000000000e+02 4.181315062183325608e+02 4.302198679563949213e+02 7.259748869810211147e+01
3.980000000000000000e+02 4.279826611671249452e+02 4.291057897952948110e+02 7.375675620128616572e+01
3.990000000000000000e+02 4.201354381823546760e+02 4.341169961640601969e+02 7.272329791661518072e+01
4.000000000000000000e+02 4.223848335029809391e+02 4.256546459211865567e+02 7.677817118478989755e+01
4.010000000000000000e+02 4.245200613732259285e+02 4.277767548906789443e+02 7.901106915828025024e+01
4.020000000000000000e+02 4.205955012453300128e+02 4.256532534246575210e+02 8.022830760147013507e+01
4.030000000000000000e+02 4.276306826937894812e+02 4.294976113422715116e+02 8.013683843725669931e+01
4.040000000000000000e+02 4.310878478447268094e+02 4.226238210304778136e+02 8.101615466489739958e+01
4.050000000000000000e+02 4.263472447638920926e+02 4.154790169255738306e+02 8.038035012663539192e+01
4.060000000000000000e+02 4.229359902461327465e+02 4.125362340928141407e+02 7.488279024972638354e+01
4.070000000000000000e+02 4.177465170570072814e+02 4.049568491603283178e+02 8.175622057805004772e+01
4.080000000000000000e+02 4.199135064736075833e+02 4.108529073776143150e+02 8.283008340849099227e+01
4.090000000000000000e+02 4.113941387559808618e+02 4.052966507177033577e+02 8.610789251278141876e+01
4.100000000000000000e+02 4.114191795499770592e+02 4.021853666003367493e+02 8.442242255799189365e+01
4.110000000000000000e+02 4.059632885211995585e+02 4.083575121879155176e+02 8.027886302372959904e+01
4.120000000000000000e+02 3.976770770620108237e+02 3.902516556291390657e+02 7.739965625358735224e+01
4.130000000000000000e+02 3.997948737625661693e+02 3.932472565420919182e+02 7.800243500199960067e+01
4.140000000000000000e+02 4.076241166077738285e+02 3.943500441696112944e+02 7.891787138527050161e+01
4.150000000000000000e+02 4.074930679785330767e+02 3.898351967799642352e+02 7.656405527324103844e+01
4.160000000000000000e+02 4.123627992633517465e+02 3.836953652547575189e+02 7.531642646150483245e+01
4.170000000000000000e+02 4.102380248373743257e+02 3.693257687758722909e+02 6.850193858328373153e+01
4.180000000000000000e+02 4.069564310877848925e+02 3.656462003019627787e+02 6.955333161856869140e+01
4.190000000000000000e+02 4.126204906204906138e+02 3.573058441558441700e+02 6.936626148819756565e+01
4.200000000000000000e+02 4.084761805119620703e+02 3.507805677617353695e+02 7.316832897543220326e+01
4.210000000000000000e+02 3.954659792262531823e+02 3.525345476441366941e+02 7.211842114930354342e+01
4.220000000000000000e+02 3.790229749427361980e+02 3.514523495523009728e+02 7.726589655833184622e+01
4.230000000000000000e+02 3.712306491663710517e+02 3.553975877970911483e+02 7.094967068251334297e+01
4.240000000000000000e+02 3.648051694027244025e+02 3.610523925951798674e+02 7.069050495120417565e+01
4.250000000000000000e+02 3.603118815405424584e+02 3.632645404712749837e+02 7.125656721170746266e+01
4.260000000000000000e+02 3.584412785652299931e+02 3.758628145791148540e+02 6.963391923025446317e+01
4.270000000000000000e+02 3.546055091700563935e+02 3.804365945907371724e+02 7.524040689881621802e+01
4.280000000000000000e+02 3.532840636581643707e+02 3.853378388198532321e+02 7.055968955548841848e+01
4.290000000000000000e+02 3.580205555146246184e+02 3.957797833935018161e+02 6.729470941165860154e+01
4.300000000000000000e+02 3.532316547831253501e+02 3.999665775401069254e+02 6.541608985554960043e+01
4.310000000000000000e+02 3.523448029186637314e+02 4.034606195006795701e+02 6.645344685973648780e+01
4.320000000000000000e+02 3.527461124836506201e+02 4.035611829675919466e+02 7.203920051246517176e+01
4.330000000000000000e+02 3.514387951292458752e+02 4.090129601936907875e+02 6.564956944100102021e+01
4.340000000000000000e+02 3.469907781797545567e+02 4.142211818117330040e+02 6.753636616302533469e+01
4.350000000000000000e+02 3.427129422301836144e+02 4.180132855650097099e+02 6.525764822351044359e+01
4.360000000000000000e+02 3.407094655955291387e+02 4.102883688438700460e+02 6.703428845158178717e+01
4.370000000000000000e+02 3.419683158491636163e+02 4.108249929118230739e+02 6.922190464613336758e+01
4.380000000000000000e+02 3.442351746831898254e+02 4.003228313379541987e+02 6.598097882059157371e+01
4.390000000000000000e+02 3.417175226586102781e+02 3.970198532585239377e+02 6.212361287505319751e+01
4.400000000000000000e+02 3.520762354287348899e+02 3.971639848387327447e+02 6.335832588912096242e+01
4.410000000000000000e+02 3.579336693100125899e+02 3.978245757059215748e+02 6.472129956293120756e+01
4.420000000000000000e+02 3.557401335761991277e+02 4.037502276867031128e+02 6.679848035387227867e+01
4.430000000000000000e+02 3.499760425245189595e+02 4.015400164707643853e+02 6.328253951882148698e+01
4.440000000000000000e+02 3.516340970350404405e+02 4.014744684037136722e+02 6.209876366307764783e+01
4.450000000000000000e+02 3.576793445580276511e+02 4.051870114251353243e+02 6.504012406957090775e+01
4.460000000000000000e+02 3.698516209476309200e+02 4.116380922693267053e+02 6.943559017901881703e+01
4.470000000000000000e+02 3.819391856555845948e+02 4.028249533059394594e+02 6.950446910956463853e+01
4.480000000000000000e+02 3.890157735849056735e+02 4.005262641509434047e+02 6.885790951588516862e+01
4.490000000000000000e+02 3.941834087481146298e+02 4.040950980392157135e+02 7.190681974849233882e+01
4.500000000000000000e+02 3.974832339791356048e+02 3.986277943368107231e+02 7.112906190243577953e+01
4.510000000000000000e+02 3.907670232386573161e+02 4.056237550719291676e+02 7.257239756952802168e+01
4.520000000000000000e+02 3.834461371055494965e+02 4.135247007616974884e+02 7.288855958220185016e+01
4.530000000000000000e+02 3.889432327025855898e+02 4.052422360248447148e+02 7.127202058851071342e+01
4.540000000000000000e+02 3.861701220833634238e+02 3.969305786317994489e+02 7.081427953852691815e+01
4.550000000000000000e+02 3.764350586611456038e+02 3.980801242236024677e+02 6.671714619193195972e+01
4.560000000000000000e+02 3.676622031150891416e+02 3.989799844950313741e+02 6.759747988222653703e+01
4.570000000000000000e+02 3.575508977852302337e+02 3.904088590791587876e+02 6.789018514783258240e+01
4.580000000000000000e+02 3.463449790943236053e+02 3.926115087520374232e+02 6.735770147846507427e+01
4.590000000000000000e+02 3.405644309384270514e+02 3.977767889443600211e+02 6.676990212539257641e+01
4.600000000000000000e+02 3.326352842682091477e+02 3.998170332597609899e+02 6.866420463909167893e+01
4.610000000000000000e+02 3.311101208459214718e+02 4.047663897280966694e+02 6.814288230183313999e+01
4.620000000000000000e+02 3.304374071467667591e+02 4.091377746500899093e+02 6.220658666841089968e+01
4.630000000000000000e+02 3.308334721065778581e+02 4.034025433350995513e+02 6.560949340681317210e+01
4.640000000000000000e+02 3.308899946413534394e+02 4.061083212125851674e+02 6.222134091357523289e+01
4.650000000000000000e+02 3.294076048608388874e+02 4.143341434731477761e+02 6.329119188353843839e+01
4.660000000000000000e+02 3.249403753026634263e+02 4.038979267554479406e+02 6.202489658620421409e+01
4.670000000000000000e+02 3.147239308728763945e+02 4.065954159343878018e+02 6.211295440244956012e+01
4.680000000000000000e+02 3.072586128739800415e+02 4.121622846781505132e+02 6.328181557350352904e+01
4.690000000000000000e+02 3.098144399969791039e+02 4.167699569518918565e+02 6.273070966838680107e+01
4.700000000000000000e+02 3.062836552531460370e+02 4.214138132865086277e+02 6.091544869021695519e+01
4.710000000000000000e+02 2.996572354211663196e+02 4.235406047516198669e+02 6.409830951518239317e+01
4.720000000000000000e+02 2.970862119224602793e+02 4.203914152455910198e+02 6.031416542763771815e+01
4.730000000000000000e+02 3.015314508557810314e+02 4.185175850364699954e+02 6.602937600089244086e+01
4.740000000000000000e+02 3.048839624668719921e+02 4.195487429267244579e+02 6.322726292846548546e+01
4.750000000000000000e+02 3.073436982653134919e+02 4.221988051536745274e+02 6.380398680743608253e+01
4.760000000000000000e+02 3.165944587998851603e+02 4.313207723227102974e+02 6.327912032155557398e+01
4.770000000000000000e+02 3.238717120806426237e+02 4.402846905024413218e+02 6.161461286426601447e+01
4.780000000000000000e+02 3.301867393709499083e+02 4.369948632843369865e+02 6.355987931341356756e+01
4.790000000000000000e+02 3.382862465319064427e+02 4.420000792707094774e+02 6.502701189624889366e+01
4.800000000000000000e+02 3.368425249727188771e+02 4.421846722068328859e+02 6.605040459464328251e+01
4.810000000000000000e+02 3.426566725455614346e+02 4.542039976484421118e+02 6.466724327657863114e+01
4.820000000000000000e+02 3.514397039616891334e+02 4.611973878972572720e+02 6.563550292287105492e+01
4.830000000000000000e+02 3.614627565463552514e+02 4.669579794762915981e+02 6.583134679522957811e+01
4.840000000000000000e+02 3.681535839086337774e+02 4.680722747805335189e+02 6.657750277407046724e+01
4.850000000000000000e+02 3.696952639411713335e+02 4.677227523417666362e+02 6.908159619278931984e+01
4.860000000000000000e+02 3.736579348931841196e+02 4.609490505256018764e+02 6.561525284661939850e+01
4.870000000000000000e+02 3.767473870532704154e+02 4.663133007417397380e+02 6.386856867355358247e+01
4.880000000000000000e+02 3.740466889402895845e+02 4.711762186241754193e+02 6.226025280476092405e+01
4.890000000000000000e+02 3.761116675452468598e+02 4.784188191881918897e+02 6.366844327790987279e+01
4.900000000000000000e+02 3.687038696888735672e+02 4.838634835818322699e+02 6.019242768648256714e+01
4.910000000000000000e+02 3.666052206445029924e+02 4.830857069977042784e+02 5.879736946611281212e+01
4.920000000000000000e+02 3.673290306462358217e+02 4.809958361092604946e+02 5.933518172312925287e+01
4.930000000000000000e+02 3.682968482775470420e+02 4.805242283573580835e+02 6.170919345257621558e+01
4.940000000000000000e+02 3.656240533421139389e+02 4.741177971682581642e+02 5.883593133668398423e+01
4.950000000000000000e+02 3.608249979536711294e+02 4.711616599819923294e+02 6.225288813616057837e+01
4.960000000000000000e+02 3.725206598461416547e+02 4.652502180981838364e+02 6.095816894145984577e+01
4.970000000000000000e+02 3.764024622716441399e+02 4.624889594916600686e+02 6.107653741397958669e+01
4.980000000000000000e+02 3.818279684677286809e+02 4.634782394481852634e+02 6.117453292842382950e+01
4.990000000000000000e+02 3.877582733812949414e+02 4.633433770630554136e+02 6.010776015607546441e+01
5.000000000000000000e+02 3.931242933155969581e+02 4.595621050881276801e+02 6.393412349759256585e+01
5.010000000000000000e+02 3.971146619694682158e+02 4.514361684281161047e+02 6.722004778932888769e+01
5.020000000000000000e+02 4.004947933884297413e+02 4.445759504132231541e+02 7.062726270700130726e+01
5.030000000000000000e+02 4.111454517469601342e+02 4.254360474064953337e+02 7.039040215600154227e+01
5.040000000000000000e+02 4.129675012925622468e+02 4.103356230149937005e+02 6.980006088192341451e+01
5.050000000000000000e+02 4.127592966704077639e+02 4.046014216236438301e+02 6.944856307268204887e+01
5.060000000000000000e+02 4.111815226430785515e+02 4.050133061162773060e+02 7.087522955540568148e+01
5.070000000000000000e+02 4.120010498687664153e+02 3.991709036370453418e+02 7.340841854109369535e+01
5.080000000000000000e+02 4.107295885042456121e+02 3.906516438057914229e+02 7.127300900543265527e+01
5.090000000000000000e+02 4.107566244239631601e+02 3.928029953917050534e+02 7.163600989540454123e+01
5.100000000000000000e+02 4.225909920432148397e+02 3.914075479962041300e+02 7.210127790875334597e+01
5.110000000000000000e+02 4.270234533836770083e+02 3.905209119953528898e+02 7.325664604326267693e+01
5.120000000000000000e+02 4.253653846153846416e+02 3.837540856579317960e+02 7.397730944101995476e+01
5.130000000000000000e+02 4.205750861311896074e+02 3.725498885361075736e+02 6.992931415256278171e+01
5.140000000000000000e+02 4.272877455694463720e+02 3.667797774419562984e+02 6.768032935608451339e+01
5.150000000000000000e+02 4.276028285615729487e+02 3.682836840289755287e+02 6.774746035052764626e+01
5.160000000000000000e+02 4.291373055137305528e+02 3.584999641499964014e+02 6.730936891939052202e+01
5.170000000000000000e+02 4.174310152990263987e+02 3.498441585535466061e+02 6.863004483965956126e+01
5.180000000000000000e+02 4.133732645198807631e+02 3.488685033074071384e+02 6.600640271575709050e+01
5.190000000000000000e+02 4.173724788796712346e+02 3.490276276733389409e+02 6.682691351207238029e+01
5.200000000000000000e+02 4.207679862819652499e+02 3.509760679937374448e+02 6.514575488695260219e+01
5.210000000000000000e+02 4.197443469205593374e+02 3.536627491817911277e+02 6.677775982664256560e+01
5.220000000000000000e+02 4.127981835777562765e+02 3.540198019801979967e+02 6.399533699440655710e+01
5.230000000000000000e+02 4.159360550190225467e+02 3.535594088381621418e+02 6.586568177519978917e+01
5.240000000000000000e+02 4.207191036498538779e+02 3.360628044667615768e+02 6.087568687142255897e+01
5.250000000000000000e+02 4.300006694436179941e+02 3.332894971734602905e+02 6.103214328090946594e+01
5.260000000000000000e+02 4.247995515046296191e+02 3.359647714120370097e+02 6.663269392684904346e+01
5.270000000000000000e+02 4.122474898596981348e+02 3.335276946605492299e+02 6.920187856699904216e+01
5.280000000000000000e+02 4.132403361344537984e+02 3.373095126050420163e+02 7.171086520457660640e+01
5.290000000000000000e+02 4.103699992944330575e+02 3.448013123544768064e+02 6.860473471484226593e+01
5.300000000000000000e+02 4.154131528594713245e+02 3.493896959818580967e+02 6.509320159662281924e+01
5.310000000000000000e+02 4.031719189442561628e+02 3.616281099012043114e+02 6.668265677879651321e+01
5.320000000000000000e+02 4.077803531206859020e+02 3.632535057763569171e+02 6.455134229463247664e+01
5.330000000000000000e+02 4.124937940761636241e+02 3.641209449929478410e+02 6.672262228001930850e+01
5.340000000000000000e+02 4.072694004483980734e+02 3.640991538294641146e+02 6.519710730213610361e+01
5.350000000000000000e+02 4.061867957347046740e+02 3.654155637903652973e+02 6.947772236789630540e+01
5.360000000000000000e+02 4.076404007177033577e+02 3.672810257177033577e+02 6.839516245315212473e+01
5.370000000000000000e+02 4.032455547391624009e+02 3.591453343130051508e+02 6.707101738360762511e+01
5.380000000000000000e+02 4.025692917508039841e+02 3.547948545359359969e+02 6.854443961197009116e+01
5.390000000000000000e+02 4.007947925519586079e+02 3.625353472919724709e+02 6.727312638619983431e+01
5.400000000000000000e+02 3.930588462131728988e+02 3.694723122011414489e+02 6.856806352243503966e+01
5.410000000000000000e+02 3.856764302059496572e+02 3.673621662852784198e+02 6.753778943401383117e+01
5.420000000000000000e+02 3.791409128505902686e+02 3.712368599142792505e+02 7.339647143933382267e+01
5.430000000000000000e+02 3.834261911942098777e+02 3.709663751507840743e+02 7.013175538962492794e+01
5.440000000000000000e+02 3.728161381254404318e+02 3.656181113460183383e+02 7.700405105885805312e+01
5.450000000000000000e+02 3.724031091829356228e+02 3.711759219088937130e+02 7.728098746143997744e+01
5.460000000000000000e+02 3.679196641818050466e+02 3.811186219874068115e+02 7.256161959056709065e+01
5.470000000000000000e+02 3.738655847463794544e+02 3.879470198675496704e+02 7.464619415699844751e+01
5.480000000000000000e+02 3.658256505842712727e+02 3.925371711233780161e+02 7.617720565456087911e+01
5.490000000000000000e+02 3.717912579342180948e+02 3.838047461050201719e+02 7.498580474826900399e+01
5.500000000000000000e+02 3.772688586600713165e+02 3.727505637593656616e+02 7.060849944310930937e+01
5.510000000000000000e+02 3.706033446753058911e+02 3.754526170998335033e+02 6.983316725645049416e+01
5.520000000000000000e+02 3.680674824415320927e+02 3.672261965100282168e+02 6.956642644758889560e+01
5.530000000000000000e+02 3.620407219570405459e+02 3.691381264916468012e+02 6.986901311953748461e+01
5.540000000000000000e+02 3.634250107743140461e+02 3.710824594167504529e+02 6.649935788442036255e+01
5.550000000000000000e+02 3.703259232440260575e+02 3.775018102824040511e+02 6.874866359005044103e+01
5.560000000000000000e+02 3.750598192511834554e+02 3.861098838043322417e+02 7.095680381815070348e+01
5.570000000000000000e+02 3.790841630932480371e+02 3.892804709644596528e+02 7.749213586919856311e+01
5.580000000000000000e+02 3.815352995110024494e+02 4.002814792176039305e+02 7.632985353391879357e+01
5.590000000000000000e+02 3.830615360648076262e+02 4.032716155164355882e+02 7.817464662483895665e+01
5.600000000000000000e+02 3.746508852963818299e+02 3.924822940723633451e+02 7.387686798819797218e+01
5.610000000000000000e+02 3.763932740626207760e+02 3.930983378430614721e+02 7.129534889860215685e+01
5.620000000000000000e+02 3.835958280937938980e+02 3.792622235372438695e+02 7.062612572905011632e+01
5.630000000000000000e+02 3.801368989573175554e+02 3.763701147700847400e+02 6.733339653236757272e+01
5.640000000000000000e+02 3.889779777582675138e+02 3.630907960199004947e+02 6.957955524334018094e+01
5.650000000000000000e+02 3.937710987541352665e+02 3.537180967128880411e+02 6.817408931474486167e+01
5.660000000000000000e+02 3.973279687714011743e+02 3.611872346253937849e+02 6.928706567663704163e+01
5.670000000000000000e+02 3.874685559006211406e+02 3.595141045548654120e+02 6.966361223239836420e+01
5.680000000000000000e+02 3.890175426334917574e+02 3.668898518311434032e+02 6.366508471000862812e+01
5.690000000000000000e+02 3.903668122270742629e+02 3.841836833714563113e+02 6.901967299895780172e+01
5.700000000000000000e+02 3.937396288209607178e+02 3.837046260917030622e+02 6.436742427438854008e+01
5.710000000000000000e+02 3.928387305234436440e+02 3.976661879801823716e+02 6.260889695853143166e+01
5.720000000000000000e+02 3.908688246519188851e+02 4.030334299243762644e+02 6.489913436449555206e+01
5.730000000000000000e+02 3.894470528381423264e+02 4.151428156115997012e+02 6.509032760910386628e+01
5.740000000000000000e+02 3.925050489712246531e+02 4.259684154582036513e+02 6.596088348489669784e+01
5.750000000000000000e+02 3.802569881341084397e+02 4.325152504579119181e+02 6.527508336134528122e+01
5.760000000000000000e+02 3.797703674121405584e+02 4.346379392971246034e+02 6.509539239173911085e+01
5.770000000000000000e+02 3.769311766571519229e+02 4.287788614018394924e+02 6.390522991047176049e+01
5.780000000000000000e+02 3.790804725283437620e+02 4.327086339491001468e+02 6.240952385696063942e+01
5.790000000000000000e+02 3.756593955738875366e+02 4.298426271119219564e+02 6.047212074097277679e+01
5.800000000000000000e+02 3.751332493306032347e+02 4.263810836352181468e+02 6.044723293612975823e+01
5.810000000000000000e+02 3.692168606985146653e+02 4.343683661180248805e+02 6.095482542270653425e+01
5.820000000000000000e+02 3.734614085865894708e+02 4.430002411963338318e+02 6.374611085085064133e+01
5.830000000000000000e+02 3.740913627948160638e+02 4.476273041938339929e+02 7.140552324597743450e+01
5.840000000000000000e+02 3.747151403956605122e+02 4.451058551372048555e+02 6.669133907613861822e+01
5.850000000000000000e+02 3.670670194003527058e+02 4.444369087702420984e+02 6.442274403199378696e+01
5.860000000000000000e+02 3.617696686961334649e+02 4.495432908990274541e+02 6.391443221079561710e+01
5.870000000000000000e+02 3.565614173228346431e+02 4.498528346456693043e+02 6.261852952251656745e+01
5.880000000000000000e+02 3.497448080553807586e+02 4.536110761485210787e+02 6.212653384935320133e+01
5.890000000000000000e+02 3.511566360468799530e+02 4.535526607538802750e+02 6.370773248618781537e+01
5.900000000000000000e+02 3.476910688140556545e+02 4.523452261693765877e+02 6.261296295719820648e+01
5.910000000000000000e+02 3.418948370392933498e+02 4.483538684130368779e+02 6.478735357792068328e+01
5.920000000000000000e+02 3.454300522298111673e+02 4.524845319405383748e+02 6.172717916020708628e+01
5.930000000000000000e+02 3.463268918719575140e+02 4.359102374981560502e+02 6.518077654784914898e+01
5.940000000000000000e+02 3.430617577197149899e+02 4.330294230327177729e+02 6.442080580870661777e+01
5.950000000000000000e+02 3.429561956195619814e+02 4.188727872787278557e+02 6.446000433699879295e+01
5.960000000000000000e+02 3.412893206854345181e+02 4.227122093023255616e+02 6.441760979495792583e+01
5.970000000000000000e+02 3.450632901199774665e+02 4.275870037845236880e+02 6.416352646466711462e+01
5.980000000000000000e+02 3.466420082464225061e+02 4.335923680168162377e+02 6.210538844053046148e+01
5.990000000000000000e+02 3.548285343499067039e+02 4.416415767702165454e+02 6.930198583329526230e+01
6.000000000000000000e+02 3.696938190749078785e+02 4.403742120343839588e+02 6.499795227111125939e+01
6.010000000000000000e+02 3.775092642840530175e+02 4.387038530118613835e+02 6.316113740544077615e+01
6.020000000000000000e+02 3.864898086684888767e+02 4.322516985552518349e+02 6.401624140828896259e+01
6.030000000000000000e+02 3.906115435000385219e+02 4.351090390691222751e+02 6.284648460576151052e+01
6.040000000000000000e+02 3.834988699244018449e+02 4.331434026965941939e+02 6.832443901542148978e+01
6.050000000000000000e+02 3.967145388704830680e+02 4.280524693736035147e+02 6.900655187572857585e+01
6.060000000000000000e+02 4.013293108682452726e+02 4.201018518518518476e+02 6.942604789203775795e+01
6.070000000000000000e+02 4.166135892514395209e+02 4.203031861804222444e+02 6.727149902159429473e+01
6.080000000000000000e+02 4.175010787887806032e+02 4.234234803958038924e+02 7.040697417194233765e+01
6.090000000000000000e+02 4.094292526637359515e+02 4.251867968109679055e+02 7.098119986032526185e+01
6.100000000000000000e+02 4.059428592332455423e+02 4.204433713784021052e+02 6.963723759390083501e+01
6.110000000000000000e+02 4.057969299189441017e+02 4.137679506491643338e+02 6.924864492928909954e+01
6.120000000000000000e+02 4.091424532405393393e+02 4.198241264317819059e+02 6.766929023639897878e+01
6.130000000000000000e+02 4.121703488804582207e+02 4.256726921074164807e+02 6.610318461216297692e+01
6.140000000000000000e+02 4.146329384791746406e+02 4.238512036683225119e+02 6.476147310481141517e+01
6.150000000000000000e+02 4.126999682590064822e+02 4.219722266306935126e+02 6.749015508290398202e+01
6.160000000000000000e+02 4.227901605631574853e+02 4.220873210472198025e+02 7.235335609617543184e+01
6.170000000000000000e+02 4.218712533002018858e+02 4.175079204845472987e+02 6.850252206737889082e+01
6.180000000000000000e+02 4.243814090170907320e+02 4.154616038976104164e+02 6.553222647842876825e+01
6.190000000000000000e+02 4.312964010686782785e+02 4.097718843312902663e+02 7.129946978918769673e+01
6.200000000000000000e+02 4.426162207357859302e+02 4.055843721495895693e+02 7.246486375881858066e+01
6.210000000000000000e+02 4.455542401906038208e+02 4.047700096791006104e+02 7.287194292192491218e+01
6.220000000000000000e+02 4.421866238317757052e+02 3.937036360981308576e+02 7.211947504329511105e+01
6.230000000000000000e+02 4.479502810834489424e+02 3.865080674600277462e+02 7.260253453380124711e+01
6.240000000000000000e+02 4.479583754148030721e+02 3.833264319722983942e+02 7.143072415721594837e+01
6.250000000000000000e+02 4.545345068454875559e+02 3.740455434478904522e+02 7.069435501840023051e+01
6.260000000000000000e+02 4.540840312867723583e+02 3.697009759811725758e+02 7.005444302856851380e+01
6.270000000000000000e+02 4.562673710727030993e+02 3.662584143866769182e+02 6.899060815119146639e+01
6.280000000000000000e+02 4.521117290903970911e+02 3.737530977189524037e+02 7.027143775939748593e+01
6.290000000000000000e+02 4.484321961009174515e+02 3.758697677752293771e+02 7.280500646833885980e+01
6.300000000000000000e+02 4.482885755160433519e+02 3.783199128005994680e+02 7.296095246605470663e+01
6.310000000000000000e+02 4.462154465992898054e+02 3.763211554220158632e+02 7.036589211411201461e+01
6.320000000000000000e+02 4.484565354662176446e+02 3.826941696484950626e+02 7.377006578832654782e+01
6.330000000000000000e+02 4.443249328651104975e+02 3.805734352406527705e+02 7.513723681872463089e+01
6.340000000000000000e+02 4.440556161395855952e+02 3.774258814976372491e+02 7.839296552607497404e+01
6.350000000000000000e+02 4.371505802638218370e+02 3.793289843581056857e+02 7.636892126588230667e+01
6.360000000000000000e+02 4.301969696969696884e+02 3.788219876490018692e+02 7.736972456800390319e+01
6.370000000000000000e+02 4.239454728805013133e+02 3.779202621911690585e+02 7.702793317288768549e+01
6.380000000000000000e+02 4.166000278435193991e+02 3.749907420297925569e+02 7.520360942980711627e+01
6.390000000000000000e+02 4.202548722390645253e+02 3.716442904576295518e+02 7.466540160235793167e+01
6.400000000000000000e+02 4.143758468132172084e+02 3.672799668187474254e+02 7.250530363628050168e+01
6.410000000000000000e+02 4.054776362157766130e+02 3.655063702900515068e+02 7.437087085250323071e+01
6.420000000000000000e+02 3.972707414553473200e+02 3.649179299889746630e+02 7.057898475656001835e+01
6.430000000000000000e+02 4.033054749066777163e+02 3.735066362505184543e+02 6.998506435895396294e+01
6.440000000000000000e+02 3.884534038800705389e+02 3.730044444444444594e+02 7.308552536009709399e+01
6.450000000000000000e+02 3.949927301518750369e+02 3.707860073418268030e+02 6.564424461697484503e+01
6.460000000000000000e+02 4.019516555817778567e+02 3.613575770578559627e+02 6.602205201233179821e+01
6.470000000000000000e+02 4.033445620096451307e+02 3.606271503634924329e+02 6.368028532420641596e+01
6.480000000000000000e+02 4.084625657053558712e+02 3.531435573234834351e+02 6.475305722842227851e+01
6.490000000000000000e+02 3.987152404574893012e+02 3.545735152266776709e+02 6.986674364616069965e+01
6.500000000000000000e+02 4.012814237331459140e+02 3.506180586618953043e+02 6.876421503406055535e+01
6.510000000000000000e+02 4.079353854686633554e+02 3.613710482529118053e+02 7.171903563717593499e+01
6.520000000000000000e+02 4.127560122431132754e+02 3.588266287713161091e+02 6.925812532084972872e+01
6.530000000000000000e+02 4.139572987621768334e+02 3.674694206401523502e+02 7.169366795659914260e+01
6.540000000000000000e+02 4.248847395451210787e+02 3.646775495231107698e+02 7.000412929649570515e+01
6.550000000000000000e+02 4.188861228813559592e+02 3.606311289346247122e+02 7.056416891498106736e+01
6.560000000000000000e+02 4.129491677912730552e+02 3.525745988903883585e+02 6.742192955511777086e+01
6.570000000000000000e+02 4.067572537493405775e+02 3.523848066922902831e+02 6.715636090468080965e+01
6.580000000000000000e+02 4.080706098457017106e+02 3.472092578986039939e+02 6.460559775011563488e+01
6.590000000000000000e+02 4.015326607261212075e+02 3.481902938360703956e+02 7.043906076751606804e+01
6.600000000000000000e+02 4.077291375634144401e+02 3.499070656569369930e+02 6.823536721419124262e+01
6.610000000000000000e+02 4.091446793264063331e+02 3.469575779290576634e+02 6.665484918592296992e+01
6.620000000000000000e+02 4.071414162937708738e+02 3.494898785425100982e+02 6.894730339019473320e+01
6.630000000000000000e+02 4.071191025372195327e+02 3.518663591249039087e+02 7.073392698838452475e+01
6.640000000000000000e+02 3.975696344629200780e+02 3.519525012278116947e+02 6.711996994647819292e+01
6.650000000000000000e+02 3.903084573654193719e+02 3.471002921129503420e+02 7.233344526250722595e+01
6.660000000000000000e+02 3.821685071574642052e+02 3.448351738241308908e+02 7.911369507555615144e+01
6.670000000000000000e+02 3.726167961862469724e+02 3.547570038529354406e+02 7.919623909817694596e+01
6.680000000000000000e+02 3.692620149983697502e+02 3.654297358982719288e+02 8.617242338067782725e+01
6.690000000000000000e+02 3.704934160105901242e+02 3.808892914373302006e+02 8.849092741905440107e+01
6.700000000000000000e+02 3.641361913094196439e+02 3.829525371828521543e+02 8.736100308347346299e+01
6.710000000000000000e+02 3.627301962469560408e+02 3.948078355536455888e+02 8.425706230207828185e+01
6.720000000000000000e+02 3.639336546426688983e+02 3.972369907372543025e+02 8.406542952360847210e+01
6.730000000000000000e+02 3.590613434924583771e+02 3.978148032965324319e+02 8.712222376551402192e+01
6.740000000000000000e+02 3.565500613308801121e+02 3.975923029745476924e+02 8.767236502554706590e+01
6.750000000000000000e+02 3.417533359652586000e+02 3.930971969996052167e+02 8.594236575006783596e+01
6.760000000000000000e+02 3.424230391786819609e+02 3.941738506831735549e+02 7.897610318530074380e+01
6.770000000000000000e+02 3.471607834539209421e+02 3.867553898998757518e+02 7.540710459499840113e+01
6.780000000000000000e+02 3.502642448555084798e+02 3.847268405021915214e+02 7.182858305612602123e+01
6.790000000000000000e+02 3.648877875582513752e+02 3.827887417708410567e+02 7.097078336292706524e+01
6.800000000000000000e+02 3.635829553060162311e+02 3.828227857514687571e+02 7.465955547518784385e+01
6.810000000000000000e+02 3.537015834348355838e+02 3.854027369778605703e+02 7.997789930379275347e+01
6.820000000000000000e+02 3.474058619693906849e+02 3.938818221195494971e+02 7.773437996213972667e+01
6.830000000000000000e+02 3.443438119512886146e+02 3.942835598980458940e+02 7.728405649825587886e+01
6.840000000000000000e+02 3.422153472420691855e+02 3.916263218062303508e+02 7.756364993881122416e+01
6.850000000000000000e+02 3.466135610318489739e+02 3.942318777921890955e+02 6.848991494891950538e+01
6.860000000000000000e+02 3.556207047814007751e+02 3.965158648925281568e+02 7.184222727787577867e+01
6.870000000000000000e+02 3.667610279239174247e+02 3.885994873870228048e+02 6.809065068752656202e+01
6.880000000000000000e+02 3.830154038301415653e+02 3.922212045517624119e+02 6.713825744979014587e+01
6.890000000000000000e+02 3.899157147924796050e+02 3.982857750975523459e+02 7.050971607882765113e+01
6.900000000000000000e+02 3.898688120605928589e+02 3.990118141624990926e+02 7.218544146346471280e+01
6.910000000000000000e+02 3.988803623188405822e+02 3.982657971014492659e+02 7.207731383147468307e+01
6.920000000000000000e+02 3.959674493453295554e+02 3.961654597322799987e+02 7.029992396764174600e+01
6.930000000000000000e+02 3.887732623528529530e+02 3.905103846442228246e+02 7.598252047241764728e+01
6.940000000000000000e+02 3.935151515151515014e+02 3.831373737373737640e+02 7.673838460859494148e+01
6.950000000000000000e+02 3.917047042052744246e+02 3.787580898075552227e+02 7.969604254845528146e+01
6.960000000000000000e+02 3.906436103532187758e+02 3.867140328884300402e+02 7.823301138035843394e+01
6.970000000000000000e+02 3.853140645347995701e+02 3.849274345246707867e+02 8.113925814053392571e+01
6.980000000000000000e+02 3.789087919942816143e+02 3.816523230879199673e+02 8.191507767961233810e+01
6.990000000000000000e+02 3.678349737768517684e+02 3.816066527767799244e+02 7.733866346740306597e+01
7.000000000000000000e+02 3.601383279343855293e+02 3.757101798883451806e+02 7.279643407093848850e+01
7.010000000000000000e+02 3.608912691401649226e+02 3.840234835100117721e+02 7.453335388718650734e+01
7.020000000000000000e+02 3.666580256428221105e+02 3.808497162474602646e+02 7.468799365566498238e+01
7.030000000000000000e+02 3.629573913043478228e+02 3.892518115942028771e+02 7.250452604602840267e+01
7.040000000000000000e+02 3.665798410404624406e+02 3.988854768786127352e+02 7.083478459969289531e+01
7.050000000000000000e+02 3.725920745920745958e+02 4.071703817016316975e+02 6.906442303428393359e+01
7.060000000000000000e+02 3.770192208935514486e+02 4.053490572958697271e+02 6.976448224995611724e+01
7.070000000000000000e+02 3.817689807122733328e+02 4.161505454020082198e+02 6.827537687103207986e+01
7.080000000000000000e+02 3.841949227373068538e+02 4.266501839587932068e+02 6.565243939074190394e+01
7.090000000000000000e+02 3.809284971784971958e+02 4.282631422631422424e+02 7.066318372112705504e+01
7.100000000000000000e+02 3.868593532415287086e+02 4.250340399195420105e+02 6.871199782501669517e+01
7.110000000000000000e+02 3.990579687860382592e+02 4.246310448220189073e+02 6.915679622778324642e+01
7.120000000000000000e+02 4.075126699629171867e+02 4.184949011124845697e+02 7.240616214496954228e+01
7.130000000000000000e+02 4.156367253251721650e+02 4.084559296097934293e+02 7.171776874694110404e+01
7.140000000000000000e+02 4.213676067073170657e+02 4.099531250000000000e+02 7.409144101350536005e+01
7.150000000000000000e+02 4.248889717396167498e+02 4.175150995451494964e+02 7.542731664512417922e+01
7.160000000000000000e+02 4.343084053906675877e+02 4.193834229181272804e+02 7.332319723698692826e+01
7.170000000000000000e+02 4.321363636363636260e+02 4.130540870893811984e+02 7.471199364010014676e+01
7.180000000000000000e+02 4.267673453707261046e+02 4.092610833653477016e+02 7.758569617216294034e+01
7.190000000000000000e+02 4.384452003023431530e+02 4.043882086167800480e+02 7.691074620717103016e+01
7.200000000000000000e+02 4.370729469680018155e+02 4.049583799507719846e+02 7.606391921019331903e+01
7.210000000000000000e+02 4.384582933844678792e+02 3.931118076554317895e+02 8.020388994479145595e+01
7.220000000000000000e+02 4.353060590367684881e+02 3.917519419989642415e+02 8.086858874161735855e+01
7.230000000000000000e+02 4.259430071241094993e+02 3.899091113610798516e+02 8.202457245129699004e+01
7.240000000000000000e+02 4.269022899639201682e+02 3.947550254031367558e+02 7.921617860806888700e+01
7.250000000000000000e+02 4.324911976711949251e+02 3.906407679512059872e+02 7.918009681079735174e+01
7.260000000000000000e+02 4.229398464759246394e+02 3.925114445219818435e+02 7.872611137390104830e+01
7.270000000000000000e+02 4.099094555873925287e+02 4.078068051575931463e+02 7.336378207564108322e+01
7.280000000000000000e+02 3.910819907940161215e+02 4.058262370540851407e+02 7.276962616685520402e+01
7.290000000000000000e+02 3.851443404504241244e+02 4.053509066978649003e+02 7.102058210190399734e+01
7.300000000000000000e+02 3.723726897815793677e+02 4.095480372689781348e+02 7.511832047548224978e+01
7.310000000000000000e+02 3.769485372951447175e+02 4.126826466533925668e+02 7.366519882692639953e+01
7.320000000000000000e+02 3.784716769489623971e+02 4.177473760115375399e+02 7.085669112072383768e+01
7.330000000000000000e+02 3.811613130680037784e+02 4.196180664368536668e+02 7.186640492953230819e+01
7.340000000000000000e+02 3.780326342150571577e+02 4.194363750195648777e+02 6.821392202676699412e+01
7.350000000000000000e+02 3.679426268002504798e+02 4.271318879148403198e+02 6.894144132561284266e+01
7.360000000000000000e+02 3.698311139980513076e+02 4.378540922377395077e+02 6.846548662020312292e+01
7.370000000000000000e+02 3.772903640601141433e+02 4.335938278550189011e+02 7.641372830554605855e+01
7.380000000000000000e+02 3.682028836251287203e+02 4.267041907628931199e+02 7.944369322481490769e+01
7.390000000000000000e+02 3.791241000232251963e+02 4.129501432221103983e+02 8.208804894068391889e+01
7.400000000000000000e+02 3.884711749149981301e+02 3.965008689081979583e+02 7.951474880273401880e+01
7.410000000000000000e+02 3.811804419298111384e+02 3.869649055738206016e+02 7.298436836048718135e+01
7.420000000000000000e+02 3.830254957507082167e+02 3.745509169524377739e+02 7.248680646016079265e+01
7.430000000000000000e+02 3.778672545468860449e+02 3.669832296669553671e+02 7.030135768796397144e+01
7.440000000000000000e+02 3.766459048927562776e+02 3.575464468361194008e+02 7.079964244450158617e+01
7.450000000000000000e+02 3.922288353001539463e+02 3.597166312394634815e+02 7.175229307435535020e+01
7.460000000000000000e+02 3.978276586170691189e+02 3.575846707664616702e+02 7.109199242106090821e+01
7.470000000000000000e+02 4.019376418842225007e+02 3.513659194097616592e+02 7.238868748226077798e+01
7.480000000000000000e+02 4.060508868857226048e+02 3.472627944169817056e+02 7.020072650509928280e+01
7.490000000000000000e+02 4.034415360276140063e+02 3.400677405436502454e+02 6.671410846203558265e+01
7.500000000000000000e+02 4.020922573775479236e+02 3.344914055369637822e+02 6.892500604878222248e+01
7.510000000000000000e+02 4.043525887573964610e+02 3.388778846153846303e+02 6.807670121481312719e+01
7.520000000000000000e+02 4.017621818746120539e+02 3.360135785226567577e+02 6.826107179312889173e+01
7.530000000000000000e+02 3.868241202235311675e+02 3.304530282434677702e+02 6.680779126823806280e+01
7.540000000000000000e+02 3.837739327540612067e+02 3.292117113713638332e+02 6.383138464856609318e+01
7.550000000000000000e+02 3.852220690711386624e+02 3.315995099165326678e+02 6.161115490063713196e+01
7.560000000000000000e+02 3.818655671386338781e+02 3.327768009957989648e+02 6.196819198808633899e+01
7.570000000000000000e+02 3.752123236265385913e+02 3.321658661062743931e+02 6.568491294337908926e+01
7.580000000000000000e+02 3.647130986909148191e+02 3.316936583836325099e+02 6.119568251928157565e+01
7.590000000000000000e+02 3.581061777600637583e+02 3.243948983658827956e+02 5.830673843466740891e+01
7.600000000000000000e+02 3.582267382211348945e+02 3.268053823691894877e+02 6.158434070417484918e+01
7.610000000000000000e+02 3.604772219740955848e+02 3.301663689146940328e+02 6.180176368274638321e+01
7.620000000000000000e+02 3.564616770512724315e+02 3.289598378500112403e+02 6.613851030079057125e+01
7.630000000000000000e+02 3.496172073553595396e+02 3.292630438032591087e+02 6.509409226832829631e+01
7.640000000000000000e+02 3.496634299481638095e+02 3.429935752354530223e+02 6.512149245105240425e+01
7.650000000000000000e+02 3.467331255754656922e+02 3.451179261987392692e+02 6.565433213969478743e+01
7.660000000000000000e+02 3.412529519257801667e+02 3.565528535282541611e+02 6.578132615270126848e+01
7.670000000000000000e+02 3.390771957748517025e+02 3.595406598176819557e+02 6.110798661520906450e+01
7.680000000000000000e+02 3.452713273568536465e+02 3.594683342972816718e+02 6.176447645904070072e+01
7.690000000000000000e+02 3.442631100545378331e+02 3.582587050762131184e+02 6.625876865534668525e+01
7.700000000000000000e+02 3.415162293067302812e+02 3.778669847466204033e+02 6.510405834032265204e+01
7.710000000000000000e+02 3.460179823224626716e+02 3.945687290460225540e+02 6.396727411790111262e+01
7.720000000000000000e+02 3.449855521936460150e+02 4.078241301059001671e+02 6.156499114650123516e+01
7.730000000000000000e+02 3.428558314522197179e+02 4.202335590669676435e+02 6.155046428992543639e+01
7.740000000000000000e+02 3.398881239242684842e+02 4.253358629322484603e+02 6.452351937932161263e+01
7.750000000000000000e+02 3.406352941176470495e+02 4.340024767801857593e+02 6.252959263917493615e+01
7.760000000000000000e+02 3.431006452628265606e+02 4.397809254013220084e+02 6.194461412929689459e+01
7.770000000000000000e+02 3.461550913005342522e+02 4.397830316561677932e+02 6.113661219086296938e+01
7.780000000000000000e+02 3.399357535587858479e+02 4.422398132108156688e+02 6.081039584532636866e+01
7.790000000000000000e+02 3.416500545652964433e+02 4.345935249181520703e+02 6.034795720930620178e+01
7.800000000000000000e+02 3.399075496084543602e+02 4.288729567399072380e+02 6.262481601457074021e+01
7.810000000000000000e+02 3.298890354734681978e+02 4.324371885077690081e+02 6.183109906558126312e+01
7.820000000000000000e+02 3.236195015763398715e+02 4.359834859630686310e+02 5.921760728694674469e+01
7.830000000000000000e+02 3.196279722345296364e+02 4.328112538768276636e+02 6.134767749691707905e+01
7.840000000000000000e+02 3.213523292963815834e+02 4.364194219481387904e+02 6.364720485071914879e+01
7.850000000000000000e+02 3.230983477576711493e+02 4.394567269866246875e+02 6.312922366089406978e+01
7.860000000000000000e+02 3.236247651964835654e+02 4.369625065744984340e+02 6.298574342408123528e+01
7.870000000000000000e+02 3.253967519221716884e+02 4.344546524399811460e+02 5.930984611973973131e+01
7.880000000000000000e+02 3.238595849566669358e+02 4.408253160531128287e+02 6.128054097952525581e+01
7.890000000000000000e+02 3.330925153374233219e+02 4.418286298568507391e+02 6.320331871428321335e+01
7.900000000000000000e+02 3.401530174227758607e+02 4.476718289706253699e+02 6.504279911189425434e+01
7.910000000000000000e+02 3.517981880142963860e+02 4.480792120355747556e+02 6.629288195782052640e+01
