0.000000000000000000e+00 4.531236133122028491e+02 5.153248811410459211e+02 5.014400431580695994e+01
1.000000000000000000e+00 4.534940740740740921e+02 5.160748148148147720e+02 5.063021273608239881e+01
2.000000000000000000e+00 4.516602086438152241e+02 5.030521609538002963e+02 4.773037633981215322e+01
3.000000000000000000e+00 4.483694220921726128e+02 4.886386247256766637e+02 5.189525719589313724e+01
4.000000000000000000e+00 4.464014234875444913e+02 4.968441281138789805e+02 4.940615649687364197e+01
5.000000000000000000e+00 4.392275910364145375e+02 4.937899159663865589e+02 4.787235016328548198e+01
6.000000000000000000e+00 4.384405166553365234e+02 4.799313392250169841e+02 4.693538531437103245e+01
7.000000000000000000e+00 4.231320224719100906e+02 4.666102528089887755e+02 4.979773604802347364e+01
8.000000000000000000e+00 4.264182865370770514e+02 4.590568754499640249e+02 5.159629301707601456e+01
9.000000000000000000e+00 4.154601648351648464e+02 4.624196428571428328e+02 5.016174585376814576e+01
1.000000000000000000e+01 4.147756797583081720e+02 4.651608761329305253e+02 5.353449286382788586e+01
1.100000000000000000e+01 4.207644757433490099e+02 4.605164319248826246e+02 5.423784966758577752e+01
1.200000000000000000e+01 4.340405819295559127e+02 4.651891271056661594e+02 5.000386765104547493e+01
1.300000000000000000e+01 4.474988847583643405e+02 4.609546468401487118e+02 5.339175884073637235e+01
1.400000000000000000e+01 4.486548069644209136e+02 4.685215745647237213e+02 5.350571596100866856e+01
1.500000000000000000e+01 4.454227812718378914e+02 4.816498951781970845e+02 5.095429512851586651e+01
1.600000000000000000e+01 4.457259201252936691e+02 4.920368050117462531e+02 5.202462628581563564e+01
1.700000000000000000e+01 4.429748953974895471e+02 4.977715481171547935e+02 5.150715820990490101e+01
1.800000000000000000e+01 4.540433212996389898e+02 4.906759927797833711e+02 5.324850298725851871e+01
1.900000000000000000e+01 4.486717674062738865e+02 5.073519510328997626e+02 5.180299544637015430e+01
2.000000000000000000e+01 4.481916666666666629e+02 5.186462121212121019e+02 5.113935424476110825e+01
2.100000000000000000e+01 4.414157381615598865e+02 5.056887186629526241e+02 4.668322590046086873e+01
2.200000000000000000e+01 4.389297583081570906e+02 4.998783987915408034e+02 4.963103966251307497e+01
2.300000000000000000e+01 4.299688768606224585e+02 5.051941813261163929e+02 4.967149076469186753e+01
2.400000000000000000e+01 4.251098398169336292e+02 4.937932875667429471e+02 5.014104563791601521e+01
2.500000000000000000e+01 4.310971887550200563e+02 5.036273092369477808e+02 5.133933343888548251e+01
2.600000000000000000e+01 4.278473728106755516e+02 5.194512093411176465e+02 5.051587059324857165e+01
2.700000000000000000e+01 4.264123376623376771e+02 5.129870129870130313e+02 4.919516464627521657e+01
2.800000000000000000e+01 4.320718901453957983e+02 5.027609046849757419e+02 4.681103377763653128e+01
2.900000000000000000e+01 4.385404996214988387e+02 4.999939439818319329e+02 4.718244610986161547e+01
3.000000000000000000e+01 4.390321782178218086e+02 4.932491749174917572e+02 5.087283127791662452e+01
3.100000000000000000e+01 4.342814761215629460e+02 4.743943560057887225e+02 4.764768785127734674e+01
3.200000000000000000e+01 4.394965304548958898e+02 4.665474171164225368e+02 4.896743814657547489e+01
3.300000000000000000e+01 4.340209267563527646e+02 4.617384155455904420e+02 4.920599647711915026e+01
3.400000000000000000e+01 4.379916025192442248e+02 4.615367389783065164e+02 5.289565643002230644e+01
