0.000000000000000000e+00 4.886830031282585765e+02 6.660239833159540694e+02 3.834147762542904303e+01
1.000000000000000000e+00 4.886816283924843560e+02 6.660438413361168841e+02 3.834185935547004931e+01
2.000000000000000000e+00 4.977672343876723176e+02 6.530835360908353096e+02 5.312883995607840859e+01
3.000000000000000000e+00 4.704617461746174740e+02 6.442250225022502264e+02 5.424276089432687797e+01
4.000000000000000000e+00 4.722942307692307509e+02 6.445615384615384755e+02 5.331071860512917482e+01
5.000000000000000000e+00 4.828250244379276523e+02 6.504134897360703462e+02 5.550907011753857034e+01
6.000000000000000000e+00 4.644633936261843132e+02 6.358010335917313114e+02 5.302748002094690349e+01
7.000000000000000000e+00 4.733520157325467039e+02 6.468879056047197764e+02 6.085203938854490957e+01
8.000000000000000000e+00 4.686426566884939007e+02 6.457053320860617305e+02 4.838934001215640279e+01
9.000000000000000000e+00 4.797858243451463522e+02 6.277881355932203178e+02 5.371901727500571866e+01
1.000000000000000000e+01 4.650165073848826864e+02 6.297610773240660365e+02 5.618113301531288073e+01
1.100000000000000000e+01 4.715926179084073624e+02 6.155399863294600209e+02 5.990715424655157051e+01
1.200000000000000000e+01 4.780705882352941103e+02 6.089874999999999545e+02 6.558914012416619244e+01
1.300000000000000000e+01 4.802652944539736950e+02 6.182630074328187675e+02 5.936705371558552002e+01
1.400000000000000000e+01 4.696148648648648418e+02 6.055439189189189619e+02 5.716759156935010822e+01
1.500000000000000000e+01 4.772525145579671744e+02 5.760317628374801870e+02 5.782757014720129973e+01
1.600000000000000000e+01 4.668959299330242061e+02 5.711679546625450712e+02 5.611970271464611670e+01
1.700000000000000000e+01 4.656950867052023000e+02 5.573347784200385604e+02 4.777855307914261829e+01
1.800000000000000000e+01 4.655561056105610760e+02 5.344591584158415571e+02 5.920252594708190230e+01
1.900000000000000000e+01 4.763183035714285438e+02 5.248745535714285779e+02 6.096452349195720899e+01
2.000000000000000000e+01 4.706622571310458625e+02 5.356792062835883144e+02 5.705011876695560602e+01
2.100000000000000000e+01 4.794714673913043725e+02 5.403088768115942457e+02 5.891761299972369414e+01
2.200000000000000000e+01 4.781705150976909522e+02 5.496776198934280728e+02 6.246754210205692459e+01
2.300000000000000000e+01 4.947116499736425794e+02 5.623342119135477333e+02 6.835110210353403204e+01
2.400000000000000000e+01 4.838875628140703498e+02 5.999378140703518056e+02 7.267098066276432178e+01
2.500000000000000000e+01 4.816794871794871824e+02 6.054749694749694982e+02 7.083053088409096176e+01
2.600000000000000000e+01 4.814412983425414154e+02 6.087714088397790420e+02 5.984774851115403038e+01
2.700000000000000000e+01 4.807765237020316249e+02 5.999700902934537226e+02 6.147997397422254551e+01
2.800000000000000000e+01 4.921950231481481524e+02 5.809241898148147811e+02 5.944734065860389904e+01
2.900000000000000000e+01 5.011861252115058960e+02 5.679091934574167908e+02 6.732662746099620676e+01
3.000000000000000000e+01 5.187336548767416389e+02 5.633692390139335657e+02 6.550660530088265432e+01
3.100000000000000000e+01 5.077533294730747002e+02 5.707932831499711028e+02 5.467895519795786896e+01
3.200000000000000000e+01 4.953068669527896759e+02 5.669248927038626107e+02 6.071644835988512767e+01
3.300000000000000000e+01 4.986556256572029611e+02 5.709915878023133473e+02 5.761460165600541217e+01
3.400000000000000000e+01 4.765771428571428601e+02 5.885080519480519570e+02 5.167603840451283048e+01
3.500000000000000000e+01 4.771895248380129715e+02 5.681700863930885816e+02 5.000939382365167063e+01
3.600000000000000000e+01 4.811541778975741295e+02 5.852118598382749042e+02 6.454383012850726686e+01
3.700000000000000000e+01 4.776171954964175939e+02 5.804488229273285924e+02 6.159996180213582306e+01
3.800000000000000000e+01 4.674924574209245520e+02 5.813805352798053718e+02 6.339482757113797362e+01
3.900000000000000000e+01 4.716702008928571672e+02 5.880853794642856656e+02 6.234452996141916969e+01
4.000000000000000000e+01 4.595339759036144756e+02 5.848881927710843911e+02 5.713721558688784796e+01
4.100000000000000000e+01 4.548688293370944962e+02 5.932167371885284410e+02 5.258056923603340493e+01
4.200000000000000000e+01 4.604001171646162902e+02 5.851282952548330059e+02 5.689310330832210383e+01
4.300000000000000000e+01 4.679943914750420504e+02 5.968816601233875190e+02 6.126706601991028123e+01
4.400000000000000000e+01 4.604621653084982427e+02 6.147991850989523073e+02 5.177370141387655167e+01
4.500000000000000000e+01 4.690779291553133703e+02 6.216604904632152966e+02 5.118992440503954811e+01
4.600000000000000000e+01 4.684293248945147639e+02 6.068037974683544462e+02 5.048937485977680240e+01
4.700000000000000000e+01 4.653311758360301837e+02 5.857518878101402606e+02 5.765045756083602413e+01
4.800000000000000000e+01 4.759058441558441359e+02 5.930941558441558072e+02 6.264032400484487084e+01
4.900000000000000000e+01 4.691207464324917851e+02 6.010576289791438285e+02 5.722605426644074811e+01
5.000000000000000000e+01 4.844404332129963677e+02 5.982003610108303064e+02 6.636425339868254980e+01
5.100000000000000000e+01 4.776404624277456605e+02 5.963028901734104466e+02 5.912636439994938087e+01
5.200000000000000000e+01 4.787003647733194498e+02 5.888071912454403218e+02 5.797318103111854981e+01
5.300000000000000000e+01 4.728781400320684156e+02 5.903816141101015091e+02 6.033197729624802008e+01
5.400000000000000000e+01 4.834228769497400435e+02 5.781883304448296030e+02 5.685904947186919856e+01
5.500000000000000000e+01 4.822847222222222285e+02 5.776435185185184764e+02 6.014510003244850367e+01
5.600000000000000000e+01 4.738620689655172669e+02 5.854472148541113938e+02 5.549363782115455024e+01
5.700000000000000000e+01 4.688130892956183970e+02 5.855379922351636424e+02 5.520086931031808319e+01
5.800000000000000000e+01 4.542025389497980541e+02 6.004050778995961082e+02 5.756142530127143431e+01
5.900000000000000000e+01 4.631275599765945117e+02 6.045874780573434464e+02 5.485918120431757217e+01
6.000000000000000000e+01 4.588156606851549668e+02 6.086971179989124039e+02 5.849149909976049599e+01
6.100000000000000000e+01 4.621184668989546935e+02 6.257566782810685027e+02 5.109862069134265994e+01
