0.000000000000000000e+00 4.064693486590038560e+02 7.222567049808428692e+02 3.995638453318586159e+01
1.000000000000000000e+00 4.060888468809073970e+02 7.229621928166351381e+02 3.999612618418049692e+01
2.000000000000000000e+00 4.057448789571694761e+02 7.217951582867783600e+02 4.010478630069889761e+01
3.000000000000000000e+00 4.058173258003766364e+02 7.215913370998116534e+02 4.004370495475389191e+01
4.000000000000000000e+00 4.143540587219343934e+02 7.042953367875647928e+02 3.852762764794197636e+01
5.000000000000000000e+00 4.256406480117820479e+02 6.714815905743740814e+02 3.784251215317779327e+01
6.000000000000000000e+00 4.445929577464788736e+02 6.508014084507042298e+02 4.005644544467679680e+01
7.000000000000000000e+00 4.534141531322505898e+02 6.355000000000000000e+02 4.288419423556995014e+01
8.000000000000000000e+00 4.544815642458100342e+02 6.170960893854748974e+02 5.020388800767371151e+01
9.000000000000000000e+00 4.527349823321554823e+02 5.906136631330978162e+02 5.123114037237905194e+01
1.000000000000000000e+01 4.607576853526220475e+02 5.539150090415913610e+02 5.317759210854983820e+01
1.100000000000000000e+01 4.640569727891156617e+02 5.448647959183673493e+02 5.064833644021975090e+01
1.200000000000000000e+01 4.683705035971223083e+02 5.472338129496403099e+02 5.370272357172170530e+01
1.300000000000000000e+01 4.643227906976744066e+02 5.484223255813953983e+02 5.699869648296500202e+01
1.400000000000000000e+01 4.560696150696150539e+02 5.433710073710074084e+02 5.320236286018364069e+01
1.500000000000000000e+01 4.533126110124333650e+02 5.561571936056838013e+02 6.840235379738457766e+01
1.600000000000000000e+01 4.494062015503876069e+02 5.388286821705426064e+02 7.802850944469392402e+01
1.700000000000000000e+01 4.529384372533543797e+02 5.364506708760852689e+02 8.348297523881240068e+01
1.800000000000000000e+01 4.335628099173553665e+02 5.503297520661157023e+02 8.207843031788468124e+01
1.900000000000000000e+01 4.162177672955974685e+02 5.308561320754716917e+02 7.754809499051516752e+01
2.000000000000000000e+01 4.285506419400855975e+02 4.953302425106990086e+02 7.955763484783773265e+01
2.100000000000000000e+01 4.263771986970684225e+02 4.813315960912051992e+02 7.338375690985398592e+01
2.200000000000000000e+01 4.257653263019116707e+02 4.729907712590639335e+02 7.573870151835818376e+01
2.300000000000000000e+01 4.297073631214600482e+02 4.479741976085588249e+02 7.150896675216249321e+01
2.400000000000000000e+01 4.506487414187643026e+02 4.303421052631579187e+02 7.503467447227342291e+01
2.500000000000000000e+01 4.500167050691244413e+02 4.088715437788018221e+02 8.385123316260298054e+01
2.600000000000000000e+01 4.525109859154929381e+02 4.109098591549295634e+02 7.197739517313434021e+01
2.700000000000000000e+01 4.554700280112044766e+02 4.286750700280111914e+02 7.187502453874566299e+01
2.800000000000000000e+01 4.369956923076923090e+02 4.548849230769230871e+02 6.575047680651466919e+01
2.900000000000000000e+01 4.243960526315789252e+02 4.505973684210526358e+02 7.829031316445102107e+01
3.000000000000000000e+01 4.212320841551610897e+02 4.557922419460880974e+02 7.640194165201147314e+01
3.100000000000000000e+01 4.055395284327323111e+02 4.861012482662968068e+02 6.586101800407361395e+01
3.200000000000000000e+01 3.984780849629129875e+02 4.883755900202292537e+02 6.903696388955957275e+01
3.300000000000000000e+01 3.846754966887417027e+02 4.994317880794702091e+02 6.362541178544410769e+01
3.400000000000000000e+01 3.712219662058371910e+02 4.869316436251920095e+02 6.480121895869226023e+01
3.500000000000000000e+01 3.681506024096385659e+02 4.754292168674699042e+02 7.286283958918777159e+01
3.600000000000000000e+01 3.649146608315098206e+02 4.601269146608315168e+02 7.642411572760040883e+01
3.700000000000000000e+01 3.717694915254237458e+02 4.619613559322033893e+02 6.210106811170614804e+01
3.800000000000000000e+01 3.665099866844207668e+02 4.692490013315579063e+02 6.727483143945842414e+01
3.900000000000000000e+01 3.606698305084746039e+02 4.789389830508474688e+02 6.927841504005782269e+01
4.000000000000000000e+01 3.542253424657534424e+02 4.758191780821917973e+02 7.090232102651431489e+01
4.100000000000000000e+01 3.372091872791519336e+02 4.750028268551236579e+02 7.334929295406153926e+01
4.200000000000000000e+01 3.371747269890795451e+02 4.706965678627145167e+02 7.086194211927167430e+01
4.300000000000000000e+01 3.363098290598290419e+02 4.510904558404558315e+02 7.150004351435747196e+01
4.400000000000000000e+01 3.267738010021474793e+02 4.477730851825339755e+02 7.245076618782060507e+01
4.500000000000000000e+01 3.358604477611940524e+02 4.372537313432835617e+02 8.514557610735103310e+01
4.600000000000000000e+01 3.369839298758217865e+02 4.323856829802775792e+02 8.321778307489587689e+01
4.700000000000000000e+01 3.373554843875099891e+02 4.302954363490792389e+02 8.161625015256754523e+01
4.800000000000000000e+01 3.551865729898516975e+02 4.306744730679156987e+02 7.868875467730880757e+01
4.900000000000000000e+01 3.727671919770773457e+02 4.433108882521489704e+02 8.029427614815990921e+01
5.000000000000000000e+01 3.811170446232626432e+02 4.643313825896123035e+02 7.990470804419339856e+01
5.100000000000000000e+01 3.784036388140161762e+02 4.836873315363881147e+02 7.877281529844320573e+01
5.200000000000000000e+01 3.631204724409448659e+02 4.966999999999999886e+02 8.089215756599838869e+01
5.300000000000000000e+01 3.522791081750619355e+02 4.963228736581338012e+02 7.519168138493374443e+01
5.400000000000000000e+01 3.491627118644067878e+02 4.972533898305084676e+02 7.207168039565294748e+01
5.500000000000000000e+01 3.534579288025889809e+02 4.928260517799352556e+02 7.029441330298142532e+01
5.600000000000000000e+01 3.434440184049079789e+02 4.839992331288343621e+02 6.411694233914131758e+01
5.700000000000000000e+01 3.435354984894260042e+02 4.828753776435045211e+02 7.982594248940556270e+01
5.800000000000000000e+01 3.604165329052969469e+02 4.809028892455858681e+02 9.097729625684723942e+01
5.900000000000000000e+01 3.635420408163265051e+02 5.020024489795918612e+02 8.403385652758531421e+01
6.000000000000000000e+01 3.680653907496012494e+02 5.035526315789473415e+02 8.055888642500552521e+01
6.100000000000000000e+01 3.575853468433359126e+02 4.983569758378799861e+02 7.567880351402772021e+01
6.200000000000000000e+01 3.600000000000000000e+02 4.749370370370370438e+02 7.505446737338378682e+01
6.300000000000000000e+01 3.521461115475255497e+02 4.668538884524744503e+02 7.447972802902511091e+01
6.400000000000000000e+01 3.547810063784550039e+02 4.609319631467044474e+02 6.828878728436299639e+01
6.500000000000000000e+01 3.626185185185184991e+02 4.590614814814815077e+02 8.010590413378970709e+01
6.600000000000000000e+01 3.623727121464226570e+02 4.581996672212978297e+02 8.089814627400386371e+01
6.700000000000000000e+01 3.498603151862463960e+02 4.491876790830945652e+02 7.311415393343654046e+01
6.800000000000000000e+01 3.532928679817906072e+02 4.480007587253414272e+02 7.147346861870282453e+01
6.900000000000000000e+01 3.542458471760797352e+02 4.222691029900332182e+02 7.699769617226523621e+01
7.000000000000000000e+01 3.452073085031623236e+02 4.428243148278285162e+02 7.383952478196938785e+01
7.100000000000000000e+01 3.371078431372549176e+02 4.259971988795518314e+02 7.481157179993438433e+01
7.200000000000000000e+01 3.219052553663952381e+02 4.335581051073278900e+02 7.537745659886039107e+01
7.300000000000000000e+01 3.102077259475218511e+02 4.326297376093294247e+02 7.398393226793835709e+01
